[5760,-3000,15320;
1730,-2850,94;
1770,-2850,259;
1810,-2850,425;
1850,-2850,585;
1890,-2850,749;
1930,-2850,908;
1970,-2850,1071;
2010,-2850,1236;
2050,-2850,1399;
2090,-2850,1561;
2130,-2850,1725;
2170,-2850,1892;
2210,-2850,2056;
2250,-2850,2218;
2290,-2850,2386;
2330,-2850,2548;
2370,-2850,2713;
2410,-2850,2876;
2450,-2850,3040;
2490,-2850,3206;
2530,-2850,3368;
2570,-2850,3531;
2610,-2850,3695;
2650,-2850,3856;
2690,-2850,4020;
2730,-2850,4179;
2770,-2850,4338;
2810,-2850,4501;
2850,-2850,4658;
2890,-2850,4819;
2930,-2850,4980;
2970,-2850,5148;
3010,-2850,5317;
3050,-2850,5483;
3090,-2850,5648;
3130,-2850,5802;
3170,-2850,5956;
3210,-2850,6113;
3250,-2850,6268;
3290,-2850,6446;
3330,-2850,6635;
3370,-2850,6815;
3410,-2850,6977;
3450,-2850,7133;
3490,-2850,7323;
3530,-2850,7521;
3570,-2850,7690;
3610,-2850,7822;
3650,-2850,8025;
3690,-2850,8174;
3730,-2850,8304;
3770,-2850,8476;
3810,-2850,8622;
3850,-2850,8768;
3890,-2850,8947;
3930,-2850,9139;
3970,-2850,9276;
4010,-2850,9459;
4050,-2850,9622;
4090,-2850,9716;
4130,-2850,9906;
4170,-2850,10040;
4210,-2850,10212;
4250,-2850,10369;
4290,-2850,10525;
4330,-2850,10693;
4370,-2850,10851;
4410,-2850,11021;
4450,-2850,11184;
4490,-2850,11355;
4530,-2850,11532;
4570,-2850,11714;
4610,-2850,11872;
4650,-2850,12041;
4690,-2850,12185;
4730,-2850,12348;
4770,-2850,12507;
4810,-2850,12665;
4850,-2850,12834;
4890,-2850,12977;
4930,-2850,13161;
4970,-2850,13296;
5010,-2850,13491;
5050,-2850,13622;
5090,-2850,13804;
5130,-2850,13955;
5170,-2850,14112;
5210,-2850,14287;
5250,-2850,14430;
5290,-2850,14628;
5330,-2850,14757;
5370,-2850,14946;
5410,-2850,15099;
5450,-2850,15254;
5460,-2850,15318;
1430,-2700,94;
1470,-2700,259;
1510,-2700,423;
1550,-2700,582;
1590,-2700,747;
1630,-2700,907;
1670,-2700,1070;
1710,-2700,1236;
1750,-2700,1401;
1790,-2700,1565;
1830,-2700,1729;
1870,-2700,1895;
1910,-2700,2057;
1950,-2700,2218;
1990,-2700,2387;
2030,-2700,2548;
2070,-2700,2713;
2110,-2700,2876;
2150,-2700,3036;
2190,-2700,3202;
2230,-2700,3368;
2270,-2700,3531;
2310,-2700,3694;
2350,-2700,3855;
2390,-2700,4016;
2430,-2700,4176;
2470,-2700,4336;
2510,-2700,4500;
2550,-2700,4658;
2590,-2700,4820;
2630,-2700,4981;
2670,-2700,5148;
2710,-2700,5317;
2750,-2700,5484;
2790,-2700,5648;
2830,-2700,5801;
2870,-2700,5956;
2910,-2700,6113;
2950,-2700,6271;
2990,-2700,6454;
3030,-2700,6642;
3070,-2700,6817;
3110,-2700,6964;
3150,-2700,7126;
3190,-2700,7325;
3230,-2700,7517;
3270,-2700,7679;
3310,-2700,7792;
3350,-2700,7982;
3390,-2700,8146;
3430,-2700,8270;
3470,-2700,8455;
3510,-2700,8637;
3550,-2700,8778;
3590,-2700,8957;
3630,-2700,9147;
3670,-2700,9272;
3710,-2700,9442;
3750,-2700,9598;
3790,-2700,9729;
3830,-2700,9914;
3870,-2700,9998;
3910,-2700,10189;
3950,-2700,10363;
3990,-2700,10525;
4030,-2700,10694;
4070,-2700,10851;
4110,-2700,11018;
4150,-2700,11185;
4190,-2700,11355;
4230,-2700,11532;
4270,-2700,11713;
4310,-2700,11868;
4350,-2700,12033;
4390,-2700,12178;
4430,-2700,12341;
4470,-2700,12503;
4510,-2700,12660;
4550,-2700,12831;
4590,-2700,12975;
4630,-2700,13161;
4670,-2700,13293;
4710,-2700,13494;
4750,-2700,13622;
4790,-2700,13806;
4830,-2700,13956;
4870,-2700,14113;
4910,-2700,14286;
4950,-2700,14429;
4990,-2700,14630;
5030,-2700,14761;
5070,-2700,14947;
5110,-2700,15102;
5150,-2700,15255;
5160,-2700,15319;
1130,-2550,93;
1170,-2550,256;
1210,-2550,418;
1250,-2550,579;
1290,-2550,743;
1330,-2550,905;
1370,-2550,1070;
1410,-2550,1235;
1450,-2550,1401;
1490,-2550,1564;
1530,-2550,1727;
1570,-2550,1893;
1610,-2550,2054;
1650,-2550,2215;
1690,-2550,2382;
1730,-2550,2543;
1770,-2550,2709;
1810,-2550,2875;
1850,-2550,3038;
1890,-2550,3203;
1930,-2550,3366;
1970,-2550,3530;
2010,-2550,3692;
2050,-2550,3853;
2090,-2550,4014;
2130,-2550,4176;
2170,-2550,4335;
2210,-2550,4501;
2250,-2550,4662;
2290,-2550,4822;
2330,-2550,4980;
2370,-2550,5146;
2410,-2550,5315;
2450,-2550,5482;
2490,-2550,5644;
2530,-2550,5799;
2570,-2550,5956;
2610,-2550,6113;
2650,-2550,6271;
2690,-2550,6452;
2730,-2550,6642;
2770,-2550,6818;
2810,-2550,6968;
2850,-2550,7126;
2890,-2550,7323;
2930,-2550,7515;
2970,-2550,7680;
3010,-2550,7796;
3050,-2550,7985;
3090,-2550,8138;
3130,-2550,8304;
3170,-2550,8498;
3210,-2550,8654;
3250,-2550,8787;
3290,-2550,8958;
3330,-2550,9138;
3370,-2550,9271;
3410,-2550,9454;
3450,-2550,9615;
3490,-2550,9718;
3530,-2550,9903;
3570,-2550,10028;
3610,-2550,10202;
3650,-2550,10365;
3690,-2550,10525;
3730,-2550,10696;
3770,-2550,10853;
3810,-2550,11022;
3850,-2550,11186;
3890,-2550,11345;
3930,-2550,11522;
3970,-2550,11711;
4010,-2550,11865;
4050,-2550,12036;
4090,-2550,12179;
4130,-2550,12334;
4170,-2550,12501;
4210,-2550,12659;
4250,-2550,12831;
4290,-2550,12973;
4330,-2550,13159;
4370,-2550,13297;
4410,-2550,13490;
4450,-2550,13621;
4490,-2550,13799;
4530,-2550,13952;
4570,-2550,14115;
4610,-2550,14289;
4650,-2550,14423;
4690,-2550,14627;
4730,-2550,14757;
4770,-2550,14946;
4810,-2550,15098;
4850,-2550,15251;
4860,-2550,15311;
830,-2400,91;
870,-2400,260;
910,-2400,420;
950,-2400,581;
990,-2400,747;
1030,-2400,908;
1070,-2400,1074;
1110,-2400,1236;
1150,-2400,1402;
1190,-2400,1564;
1230,-2400,1727;
1270,-2400,1896;
1310,-2400,2054;
1350,-2400,2220;
1390,-2400,2386;
1430,-2400,2549;
1470,-2400,2715;
1510,-2400,2877;
1550,-2400,3042;
1590,-2400,3204;
1630,-2400,3371;
1670,-2400,3534;
1710,-2400,3694;
1750,-2400,3856;
1790,-2400,4015;
1830,-2400,4180;
1870,-2400,4338;
1910,-2400,4504;
1950,-2400,4661;
1990,-2400,4820;
2030,-2400,4979;
2070,-2400,5149;
2110,-2400,5318;
2150,-2400,5484;
2190,-2400,5647;
2230,-2400,5803;
2270,-2400,5956;
2310,-2400,6115;
2350,-2400,6270;
2390,-2400,6449;
2430,-2400,6644;
2470,-2400,6827;
2510,-2400,6985;
2550,-2400,7139;
2590,-2400,7323;
2630,-2400,7522;
2670,-2400,7684;
2710,-2400,7825;
2750,-2400,8020;
2790,-2400,8174;
2830,-2400,8306;
2870,-2400,8459;
2910,-2400,8600;
2950,-2400,8757;
2990,-2400,8938;
3030,-2400,9124;
3070,-2400,9256;
3110,-2400,9440;
3150,-2400,9624;
3190,-2400,9707;
3230,-2400,9915;
3270,-2400,10042;
3310,-2400,10210;
3350,-2400,10371;
3390,-2400,10531;
3430,-2400,10693;
3470,-2400,10849;
3510,-2400,11026;
3550,-2400,11185;
3590,-2400,11353;
3630,-2400,11532;
3670,-2400,11713;
3710,-2400,11875;
3750,-2400,12040;
3790,-2400,12186;
3830,-2400,12348;
3870,-2400,12509;
3910,-2400,12667;
3950,-2400,12835;
3990,-2400,12979;
4030,-2400,13162;
4070,-2400,13295;
4110,-2400,13491;
4150,-2400,13623;
4190,-2400,13803;
4230,-2400,13958;
4270,-2400,14120;
4310,-2400,14289;
4350,-2400,14433;
4390,-2400,14631;
4430,-2400,14761;
4470,-2400,14951;
4510,-2400,15101;
4550,-2400,15253;
4560,-2400,15314;
530,-2250,92;
570,-2250,259;
610,-2250,422;
650,-2250,583;
690,-2250,749;
730,-2250,912;
770,-2250,1077;
810,-2250,1241;
850,-2250,1403;
890,-2250,1567;
930,-2250,1728;
970,-2250,1896;
1010,-2250,2058;
1050,-2250,2220;
1090,-2250,2388;
1130,-2250,2549;
1170,-2250,2715;
1210,-2250,2877;
1250,-2250,3041;
1290,-2250,3206;
1330,-2250,3368;
1370,-2250,3532;
1410,-2250,3694;
1450,-2250,3854;
1490,-2250,4016;
1530,-2250,4179;
1570,-2250,4339;
1610,-2250,4502;
1650,-2250,4658;
1690,-2250,4820;
1730,-2250,4981;
1770,-2250,5148;
1810,-2250,5320;
1850,-2250,5484;
1890,-2250,5648;
1930,-2250,5805;
1970,-2250,5964;
2010,-2250,6116;
2050,-2250,6272;
2090,-2250,6451;
2130,-2250,6642;
2170,-2250,6826;
2210,-2250,6982;
2250,-2250,7135;
2290,-2250,7325;
2330,-2250,7521;
2370,-2250,7686;
2410,-2250,7822;
2450,-2250,8021;
2490,-2250,8180;
2530,-2250,8307;
2570,-2250,8483;
2610,-2250,8623;
2650,-2250,8764;
2690,-2250,8940;
2730,-2250,9110;
2770,-2250,9251;
2810,-2250,9435;
2850,-2250,9606;
2890,-2250,9733;
2930,-2250,9916;
2970,-2250,10006;
3010,-2250,10192;
3050,-2250,10365;
3090,-2250,10522;
3130,-2250,10697;
3170,-2250,10849;
3210,-2250,11023;
3250,-2250,11183;
3290,-2250,11349;
3330,-2250,11528;
3370,-2250,11708;
3410,-2250,11871;
3450,-2250,12042;
3490,-2250,12188;
3530,-2250,12350;
3570,-2250,12509;
3610,-2250,12669;
3650,-2250,12836;
3690,-2250,12979;
3730,-2250,13164;
3770,-2250,13297;
3810,-2250,13494;
3850,-2250,13624;
3890,-2250,13809;
3930,-2250,13957;
3970,-2250,14117;
4010,-2250,14289;
4050,-2250,14431;
4090,-2250,14629;
4130,-2250,14760;
4170,-2250,14951;
4210,-2250,15101;
4250,-2250,15252;
4260,-2250,15312;
230,-2100,94;
270,-2100,259;
310,-2100,422;
350,-2100,582;
390,-2100,748;
430,-2100,910;
470,-2100,1072;
510,-2100,1238;
550,-2100,1402;
590,-2100,1566;
630,-2100,1729;
670,-2100,1898;
710,-2100,2059;
750,-2100,2220;
790,-2100,2389;
830,-2100,2549;
870,-2100,2714;
910,-2100,2879;
950,-2100,3041;
990,-2100,3204;
1030,-2100,3371;
1070,-2100,3536;
1110,-2100,3695;
1150,-2100,3857;
1190,-2100,4018;
1230,-2100,4179;
1270,-2100,4340;
1310,-2100,4500;
1350,-2100,4659;
1390,-2100,4819;
1430,-2100,4982;
1470,-2100,5148;
1510,-2100,5321;
1550,-2100,5484;
1590,-2100,5647;
1630,-2100,5804;
1670,-2100,5963;
1710,-2100,6118;
1750,-2100,6276;
1790,-2100,6459;
1830,-2100,6648;
1870,-2100,6822;
1910,-2100,6975;
1950,-2100,7129;
1990,-2100,7336;
2030,-2100,7533;
2070,-2100,7694;
2110,-2100,7836;
2150,-2100,8034;
2190,-2100,8193;
2230,-2100,8314;
2270,-2100,8482;
2310,-2100,8628;
2350,-2100,8760;
2390,-2100,8931;
2430,-2100,9082;
2470,-2100,9232;
2510,-2100,9403;
2550,-2100,9550;
2590,-2100,9728;
2630,-2100,9906;
2670,-2100,10009;
2710,-2100,10187;
2750,-2100,10342;
2790,-2100,10512;
2830,-2100,10700;
2870,-2100,10847;
2910,-2100,11025;
2950,-2100,11180;
2990,-2100,11349;
3030,-2100,11524;
3070,-2100,11711;
3110,-2100,11870;
3150,-2100,12046;
3190,-2100,12189;
3230,-2100,12354;
3270,-2100,12508;
3310,-2100,12666;
3350,-2100,12836;
3390,-2100,12976;
3430,-2100,13162;
3470,-2100,13298;
3510,-2100,13494;
3550,-2100,13621;
3590,-2100,13810;
3630,-2100,13956;
3670,-2100,14120;
3710,-2100,14289;
3750,-2100,14428;
3790,-2100,14627;
3830,-2100,14761;
3870,-2100,14956;
3910,-2100,15101;
3950,-2100,15253;
3960,-2100,15309;
-70,-1950,100;
-30,-1950,265;
10,-1950,428;
50,-1950,587;
90,-1950,751;
130,-1950,913;
170,-1950,1075;
210,-1950,1241;
250,-1950,1405;
290,-1950,1568;
330,-1950,1730;
370,-1950,1899;
410,-1950,2059;
450,-1950,2219;
490,-1950,2389;
530,-1950,2549;
570,-1950,2716;
610,-1950,2883;
650,-1950,3045;
690,-1950,3209;
730,-1950,3377;
770,-1950,3540;
810,-1950,3698;
850,-1950,3859;
890,-1950,4019;
930,-1950,4181;
970,-1950,4344;
1010,-1950,4504;
1050,-1950,4664;
1090,-1950,4823;
1130,-1950,4987;
1170,-1950,5152;
1210,-1950,5320;
1250,-1950,5487;
1290,-1950,5651;
1330,-1950,5807;
1370,-1950,5968;
1410,-1950,6123;
1450,-1950,6277;
1490,-1950,6461;
1530,-1950,6650;
1570,-1950,6824;
1610,-1950,6975;
1650,-1950,7129;
1690,-1950,7333;
1730,-1950,7531;
1770,-1950,7695;
1810,-1950,7849;
1850,-1950,8041;
1890,-1950,8214;
1930,-1950,8369;
1970,-1950,8512;
2010,-1950,8658;
2050,-1950,8785;
2090,-1950,8954;
2130,-1950,9102;
2170,-1950,9262;
2210,-1950,9440;
2250,-1950,9595;
2290,-1950,9733;
2330,-1950,9911;
2370,-1950,10008;
2410,-1950,10188;
2450,-1950,10351;
2490,-1950,10517;
2530,-1950,10703;
2570,-1950,10854;
2610,-1950,11030;
2650,-1950,11183;
2690,-1950,11357;
2730,-1950,11524;
2770,-1950,11705;
2810,-1950,11871;
2850,-1950,12049;
2890,-1950,12192;
2930,-1950,12355;
2970,-1950,12510;
3010,-1950,12670;
3050,-1950,12841;
3090,-1950,12984;
3130,-1950,13167;
3170,-1950,13303;
3210,-1950,13497;
3250,-1950,13624;
3290,-1950,13811;
3330,-1950,13958;
3370,-1950,14121;
3410,-1950,14291;
3450,-1950,14428;
3490,-1950,14629;
3530,-1950,14763;
3570,-1950,14956;
3610,-1950,15104;
3650,-1950,15258;
3660,-1950,15311;
-370,-1800,102;
-330,-1800,263;
-290,-1800,426;
-250,-1800,590;
-210,-1800,754;
-170,-1800,916;
-130,-1800,1079;
-90,-1800,1245;
-50,-1800,1408;
-10,-1800,1574;
30,-1800,1734;
70,-1800,1900;
110,-1800,2061;
150,-1800,2220;
190,-1800,2392;
230,-1800,2552;
270,-1800,2719;
310,-1800,2884;
350,-1800,3046;
390,-1800,3208;
430,-1800,3375;
470,-1800,3537;
510,-1800,3697;
550,-1800,3858;
590,-1800,4017;
630,-1800,4183;
670,-1800,4344;
710,-1800,4506;
750,-1800,4665;
790,-1800,4825;
830,-1800,4988;
870,-1800,5152;
910,-1800,5322;
950,-1800,5488;
990,-1800,5653;
1030,-1800,5811;
1070,-1800,5972;
1110,-1800,6126;
1150,-1800,6282;
1190,-1800,6457;
1230,-1800,6647;
1270,-1800,6829;
1310,-1800,6980;
1350,-1800,7133;
1390,-1800,7333;
1430,-1800,7534;
1470,-1800,7704;
1510,-1800,7845;
1550,-1800,8041;
1590,-1800,8216;
1630,-1800,8357;
1670,-1800,8512;
1710,-1800,8663;
1750,-1800,8792;
1790,-1800,8959;
1830,-1800,9108;
1870,-1800,9250;
1910,-1800,9438;
1950,-1800,9591;
1990,-1800,9729;
2030,-1800,9912;
2070,-1800,10003;
2110,-1800,10200;
2150,-1800,10377;
2190,-1800,10526;
2230,-1800,10707;
2270,-1800,10858;
2310,-1800,11027;
2350,-1800,11186;
2390,-1800,11354;
2430,-1800,11525;
2470,-1800,11711;
2510,-1800,11870;
2550,-1800,12048;
2590,-1800,12190;
2630,-1800,12354;
2670,-1800,12511;
2710,-1800,12671;
2750,-1800,12840;
2790,-1800,12987;
2830,-1800,13169;
2870,-1800,13304;
2910,-1800,13499;
2950,-1800,13629;
2990,-1800,13814;
3030,-1800,13962;
3070,-1800,14124;
3110,-1800,14295;
3150,-1800,14435;
3190,-1800,14635;
3230,-1800,14766;
3270,-1800,14958;
3310,-1800,15105;
3350,-1800,15261;
3360,-1800,15320;
-670,-1650,99;
-630,-1650,263;
-590,-1650,425;
-550,-1650,585;
-510,-1650,752;
-470,-1650,914;
-430,-1650,1078;
-390,-1650,1245;
-350,-1650,1405;
-310,-1650,1571;
-270,-1650,1732;
-230,-1650,1899;
-190,-1650,2064;
-150,-1650,2226;
-110,-1650,2392;
-70,-1650,2555;
-30,-1650,2721;
10,-1650,2883;
50,-1650,3046;
90,-1650,3210;
130,-1650,3373;
170,-1650,3535;
210,-1650,3699;
250,-1650,3858;
290,-1650,4020;
330,-1650,4183;
370,-1650,4340;
410,-1650,4506;
450,-1650,4664;
490,-1650,4823;
530,-1650,4985;
570,-1650,5150;
610,-1650,5320;
650,-1650,5489;
690,-1650,5652;
730,-1650,5812;
770,-1650,5973;
810,-1650,6128;
850,-1650,6280;
890,-1650,6460;
930,-1650,6648;
970,-1650,6828;
1010,-1650,6981;
1050,-1650,7134;
1090,-1650,7327;
1130,-1650,7535;
1170,-1650,7704;
1210,-1650,7827;
1250,-1650,8024;
1290,-1650,8175;
1330,-1650,8311;
1370,-1650,8495;
1410,-1650,8631;
1450,-1650,8780;
1490,-1650,8968;
1530,-1650,9121;
1570,-1650,9266;
1610,-1650,9447;
1650,-1650,9604;
1690,-1650,9731;
1730,-1650,9909;
1770,-1650,10002;
1810,-1650,10196;
1850,-1650,10377;
1890,-1650,10527;
1930,-1650,10711;
1970,-1650,10861;
2010,-1650,11027;
2050,-1650,11188;
2090,-1650,11357;
2130,-1650,11534;
2170,-1650,11718;
2210,-1650,11875;
2250,-1650,12047;
2290,-1650,12191;
2330,-1650,12354;
2370,-1650,12510;
2410,-1650,12670;
2450,-1650,12840;
2490,-1650,12982;
2530,-1650,13165;
2570,-1650,13302;
2610,-1650,13496;
2650,-1650,13628;
2690,-1650,13816;
2730,-1650,13962;
2770,-1650,14127;
2810,-1650,14295;
2850,-1650,14438;
2890,-1650,14636;
2930,-1650,14766;
2970,-1650,14954;
3010,-1650,15106;
3050,-1650,15264;
3060,-1650,15329;
-960,-1500,141;
-920,-1500,305;
-880,-1500,469;
-840,-1500,633;
-800,-1500,795;
-760,-1500,960;
-720,-1500,1117;
-680,-1500,1284;
-640,-1500,1445;
-600,-1500,1611;
-560,-1500,1773;
-520,-1500,1940;
-480,-1500,2102;
-440,-1500,2270;
-400,-1500,2432;
-360,-1500,2593;
-320,-1500,2763;
-280,-1500,2925;
-240,-1500,3090;
-200,-1500,3252;
-160,-1500,3416;
-120,-1500,3578;
-80,-1500,3737;
-40,-1500,3900;
0,-1500,4067;
40,-1500,4226;
80,-1500,4388;
120,-1500,4550;
160,-1500,4711;
200,-1500,4871;
240,-1500,5029;
280,-1500,5184;
320,-1500,5353;
360,-1500,5518;
400,-1500,5682;
440,-1500,5852;
480,-1500,6019;
520,-1500,6178;
560,-1500,6333;
600,-1500,6494;
640,-1500,6669;
680,-1500,6865;
720,-1500,7047;
760,-1500,7205;
800,-1500,7356;
840,-1500,7561;
880,-1500,7766;
920,-1500,7907;
960,-1500,8044;
1000,-1500,8226;
1040,-1500,8357;
1080,-1500,8524;
1120,-1500,8695;
1160,-1500,8845;
1200,-1500,9004;
1240,-1500,9190;
1280,-1500,9340;
1320,-1500,9484;
1360,-1500,9672;
1400,-1500,9753;
1440,-1500,9934;
1480,-1500,10065;
1520,-1500,10234;
1560,-1500,10415;
1600,-1500,10562;
1640,-1500,10748;
1680,-1500,10892;
1720,-1500,11071;
1760,-1500,11228;
1800,-1500,11409;
1840,-1500,11571;
1880,-1500,11763;
1920,-1500,11914;
1960,-1500,12088;
2000,-1500,12227;
2040,-1500,12392;
2080,-1500,12541;
2120,-1500,12717;
2160,-1500,12867;
2200,-1500,13034;
2240,-1500,13199;
2280,-1500,13348;
2320,-1500,13531;
2360,-1500,13665;
2400,-1500,13856;
2440,-1500,13992;
2480,-1500,14172;
2520,-1500,14326;
2560,-1500,14481;
2600,-1500,14668;
2640,-1500,14806;
2680,-1500,14994;
2720,-1500,15135;
2730,-1500,15176;
-1200,-1350,12;
-1160,-1350,170;
-1120,-1350,333;
-1080,-1350,497;
-1040,-1350,656;
-1000,-1350,823;
-960,-1350,982;
-920,-1350,1147;
-880,-1350,1310;
-840,-1350,1473;
-800,-1350,1639;
-760,-1350,1804;
-720,-1350,1970;
-680,-1350,2127;
-640,-1350,2290;
-600,-1350,2458;
-560,-1350,2619;
-520,-1350,2786;
-480,-1350,2949;
-440,-1350,3112;
-400,-1350,3277;
-360,-1350,3439;
-320,-1350,3601;
-280,-1350,3768;
-240,-1350,3927;
-200,-1350,4094;
-160,-1350,4258;
-120,-1350,4421;
-80,-1350,4581;
-40,-1350,4746;
0,-1350,4913;
40,-1350,5071;
80,-1350,5239;
120,-1350,5395;
160,-1350,5556;
200,-1350,5717;
240,-1350,5879;
280,-1350,6051;
320,-1350,6227;
360,-1350,6394;
400,-1350,6551;
440,-1350,6702;
480,-1350,6870;
520,-1350,7050;
560,-1350,7184;
600,-1350,7330;
640,-1350,7497;
680,-1350,7692;
720,-1350,7827;
760,-1350,7962;
800,-1350,8238;
840,-1350,8338;
880,-1350,8532;
920,-1350,8657;
960,-1350,8892;
1000,-1350,9039;
1040,-1350,9216;
1080,-1350,9396;
1120,-1350,9539;
1160,-1350,9734;
1200,-1350,9840;
1240,-1350,10032;
1280,-1350,10150;
1320,-1350,10326;
1360,-1350,10477;
1400,-1350,10623;
1440,-1350,10790;
1480,-1350,10959;
1520,-1350,11116;
1560,-1350,11291;
1600,-1350,11449;
1640,-1350,11617;
1680,-1350,11776;
1720,-1350,11942;
1760,-1350,12100;
1800,-1350,12263;
1840,-1350,12432;
1880,-1350,12594;
1920,-1350,12784;
1960,-1350,12927;
2000,-1350,13111;
2040,-1350,13261;
2080,-1350,13433;
2120,-1350,13589;
2160,-1350,13755;
2200,-1350,13924;
2240,-1350,14083;
2280,-1350,14264;
2320,-1350,14412;
2360,-1350,14602;
2400,-1350,14744;
2440,-1350,14931;
2480,-1350,15089;
2520,-1350,15242;
2530,-1350,15296;
-1450,-1200,136;
-1410,-1200,300;
-1370,-1200,464;
-1330,-1200,630;
-1290,-1200,791;
-1250,-1200,945;
-1210,-1200,1106;
-1170,-1200,1268;
-1130,-1200,1409;
-1090,-1200,1569;
-1050,-1200,1726;
-1010,-1200,1886;
-970,-1200,2049;
-930,-1200,2214;
-890,-1200,2376;
-850,-1200,2536;
-810,-1200,2684;
-770,-1200,2819;
-730,-1200,3105;
-690,-1200,3614;
-650,-1200,3860;
-610,-1200,4024;
-570,-1200,4186;
-530,-1200,4352;
-490,-1200,4515;
-450,-1200,4677;
-410,-1200,4846;
-370,-1200,5002;
-330,-1200,5163;
-290,-1200,5326;
-250,-1200,5493;
-210,-1200,5669;
-170,-1200,5814;
-130,-1200,5967;
-90,-1200,6118;
-50,-1200,6282;
-10,-1200,6458;
30,-1200,6651;
70,-1200,6819;
110,-1200,6977;
150,-1200,7128;
190,-1200,7333;
230,-1200,7493;
270,-1200,7618;
310,-1200,7764;
350,-1200,7959;
390,-1200,8134;
430,-1200,8263;
470,-1200,8469;
510,-1200,8666;
550,-1200,8784;
590,-1200,8984;
630,-1200,9166;
670,-1200,9284;
710,-1200,9451;
750,-1200,9580;
790,-1200,9735;
830,-1200,9891;
870,-1200,10036;
910,-1200,10201;
950,-1200,10363;
990,-1200,10515;
1030,-1200,10691;
1070,-1200,10840;
1110,-1200,11014;
1150,-1200,11169;
1190,-1200,11343;
1230,-1200,11518;
1270,-1200,11679;
1310,-1200,11863;
1350,-1200,12024;
1390,-1200,12189;
1430,-1200,12360;
1470,-1200,12517;
1510,-1200,12683;
1550,-1200,12844;
1590,-1200,12989;
1630,-1200,13163;
1670,-1200,13305;
1710,-1200,13491;
1750,-1200,13624;
1790,-1200,13813;
1830,-1200,13959;
1870,-1200,14132;
1910,-1200,14290;
1950,-1200,14430;
1990,-1200,14624;
2030,-1200,14755;
2070,-1200,14952;
2110,-1200,15098;
2150,-1200,15256;
2160,-1200,15311;
-1870,-1050,101;
-1830,-1050,268;
-1790,-1050,427;
-1750,-1050,591;
-1710,-1050,757;
-1670,-1050,917;
-1630,-1050,1081;
-1590,-1050,1248;
-1550,-1050,1408;
-1510,-1050,1576;
-1470,-1050,1737;
-1430,-1050,1901;
-1390,-1050,2066;
-1350,-1050,2229;
-1310,-1050,2395;
-1270,-1050,2558;
-1230,-1050,2725;
-1190,-1050,2886;
-1150,-1050,3050;
-1110,-1050,3214;
-1070,-1050,3374;
-1030,-1050,3539;
-990,-1050,3701;
-950,-1050,3862;
-910,-1050,4023;
-870,-1050,4184;
-830,-1050,4345;
-790,-1050,4506;
-750,-1050,4667;
-710,-1050,4825;
-670,-1050,4992;
-630,-1050,5162;
-590,-1050,5325;
-550,-1050,5490;
-510,-1050,5653;
-470,-1050,5816;
-430,-1050,5975;
-390,-1050,6118;
-350,-1050,6284;
-310,-1050,6459;
-270,-1050,6653;
-230,-1050,6822;
-190,-1050,6982;
-150,-1050,7127;
-110,-1050,7330;
-70,-1050,7505;
-30,-1050,7632;
10,-1050,7779;
50,-1050,7971;
90,-1050,8146;
130,-1050,8266;
170,-1050,8463;
210,-1050,8661;
250,-1050,8788;
290,-1050,8944;
330,-1050,9148;
370,-1050,9260;
410,-1050,9441;
450,-1050,9584;
490,-1050,9737;
530,-1050,9895;
570,-1050,10036;
610,-1050,10202;
650,-1050,10367;
690,-1050,10516;
730,-1050,10697;
770,-1050,10841;
810,-1050,11011;
850,-1050,11170;
890,-1050,11342;
930,-1050,11514;
970,-1050,11686;
1010,-1050,11868;
1050,-1050,12034;
1090,-1050,12199;
1130,-1050,12369;
1170,-1050,12521;
1210,-1050,12686;
1250,-1050,12848;
1290,-1050,12990;
1330,-1050,13166;
1370,-1050,13308;
1410,-1050,13492;
1450,-1050,13625;
1490,-1050,13814;
1530,-1050,13959;
1570,-1050,14135;
1610,-1050,14294;
1650,-1050,14432;
1690,-1050,14627;
1730,-1050,14758;
1770,-1050,14957;
1810,-1050,15102;
1850,-1050,15265;
1860,-1050,15323;
-2170,-900,107;
-2130,-900,273;
-2090,-900,436;
-2050,-900,598;
-2010,-900,761;
-1970,-900,926;
-1930,-900,1087;
-1890,-900,1252;
-1850,-900,1413;
-1810,-900,1578;
-1770,-900,1741;
-1730,-900,1908;
-1690,-900,2067;
-1650,-900,2230;
-1610,-900,2400;
-1570,-900,2559;
-1530,-900,2724;
-1490,-900,2889;
-1450,-900,3050;
-1410,-900,3216;
-1370,-900,3381;
-1330,-900,3543;
-1290,-900,3704;
-1250,-900,3868;
-1210,-900,4028;
-1170,-900,4187;
-1130,-900,4352;
-1090,-900,4507;
-1050,-900,4670;
-1010,-900,4830;
-970,-900,4997;
-930,-900,5166;
-890,-900,5330;
-850,-900,5495;
-810,-900,5660;
-770,-900,5819;
-730,-900,5979;
-690,-900,6124;
-650,-900,6284;
-610,-900,6459;
-570,-900,6654;
-530,-900,6821;
-490,-900,6983;
-450,-900,7131;
-410,-900,7326;
-370,-900,7508;
-330,-900,7653;
-290,-900,7784;
-250,-900,7976;
-210,-900,8160;
-170,-900,8276;
-130,-900,8486;
-90,-900,8688;
-50,-900,8839;
-10,-900,9015;
30,-900,9179;
70,-900,9287;
110,-900,9446;
150,-900,9578;
190,-900,9735;
230,-900,9895;
270,-900,10035;
310,-900,10206;
350,-900,10370;
390,-900,10520;
430,-900,10697;
470,-900,10841;
510,-900,11014;
550,-900,11169;
590,-900,11343;
630,-900,11520;
670,-900,11687;
710,-900,11865;
750,-900,12040;
790,-900,12199;
830,-900,12376;
870,-900,12523;
910,-900,12695;
950,-900,12851;
990,-900,12996;
1030,-900,13170;
1070,-900,13312;
1110,-900,13500;
1150,-900,13630;
1190,-900,13822;
1230,-900,13962;
1270,-900,14139;
1310,-900,14296;
1350,-900,14432;
1390,-900,14629;
1430,-900,14760;
1470,-900,14956;
1510,-900,15103;
1550,-900,15266;
1560,-900,15323;
-2470,-750,110;
-2430,-750,273;
-2390,-750,436;
-2350,-750,602;
-2310,-750,763;
-2270,-750,928;
-2230,-750,1091;
-2190,-750,1255;
-2150,-750,1416;
-2110,-750,1583;
-2070,-750,1743;
-2030,-750,1910;
-1990,-750,2071;
-1950,-750,2233;
-1910,-750,2401;
-1870,-750,2560;
-1830,-750,2726;
-1790,-750,2892;
-1750,-750,3053;
-1710,-750,3218;
-1670,-750,3383;
-1630,-750,3542;
-1590,-750,3703;
-1550,-750,3867;
-1510,-750,4026;
-1470,-750,4185;
-1430,-750,4351;
-1390,-750,4508;
-1350,-750,4672;
-1310,-750,4836;
-1270,-750,4999;
-1230,-750,5169;
-1190,-750,5332;
-1150,-750,5497;
-1110,-750,5661;
-1070,-750,5824;
-1030,-750,5983;
-990,-750,6130;
-950,-750,6289;
-910,-750,6463;
-870,-750,6655;
-830,-750,6833;
-790,-750,6990;
-750,-750,7140;
-710,-750,7339;
-670,-750,7506;
-630,-750,7644;
-590,-750,7785;
-550,-750,7974;
-510,-750,8159;
-470,-750,8282;
-430,-750,8486;
-390,-750,8691;
-350,-750,8847;
-310,-750,9028;
-270,-750,9200;
-230,-750,9302;
-190,-750,9457;
-150,-750,9597;
-110,-750,9739;
-70,-750,9890;
-30,-750,10037;
10,-750,10208;
50,-750,10375;
90,-750,10521;
130,-750,10698;
170,-750,10847;
210,-750,11021;
250,-750,11179;
290,-750,11347;
330,-750,11524;
370,-750,11689;
410,-750,11868;
450,-750,12038;
490,-750,12194;
530,-750,12373;
570,-750,12525;
610,-750,12696;
650,-750,12852;
690,-750,13000;
730,-750,13172;
770,-750,13313;
810,-750,13503;
850,-750,13632;
890,-750,13822;
930,-750,13963;
970,-750,14142;
1010,-750,14298;
1050,-750,14439;
1090,-750,14634;
1130,-750,14768;
1170,-750,14965;
1210,-750,15106;
1250,-750,15269;
1260,-750,15320;
-2770,-600,108;
-2730,-600,273;
-2690,-600,431;
-2650,-600,596;
-2610,-600,760;
-2570,-600,924;
-2530,-600,1087;
-2490,-600,1254;
-2450,-600,1414;
-2410,-600,1582;
-2370,-600,1744;
-2330,-600,1909;
-2290,-600,2071;
-2250,-600,2234;
-2210,-600,2400;
-2170,-600,2563;
-2130,-600,2728;
-2090,-600,2891;
-2050,-600,3056;
-2010,-600,3220;
-1970,-600,3381;
-1930,-600,3547;
-1890,-600,3705;
-1850,-600,3865;
-1810,-600,4026;
-1770,-600,4189;
-1730,-600,4349;
-1690,-600,4508;
-1650,-600,4671;
-1610,-600,4831;
-1570,-600,4997;
-1530,-600,5167;
-1490,-600,5328;
-1450,-600,5495;
-1410,-600,5661;
-1370,-600,5823;
-1330,-600,5984;
-1290,-600,6134;
-1250,-600,6291;
-1210,-600,6465;
-1170,-600,6658;
-1130,-600,6826;
-1090,-600,6988;
-1050,-600,7133;
-1010,-600,7337;
-970,-600,7513;
-930,-600,7656;
-890,-600,7792;
-850,-600,7980;
-810,-600,8158;
-770,-600,8282;
-730,-600,8479;
-690,-600,8681;
-650,-600,8825;
-610,-600,9005;
-570,-600,9194;
-530,-600,9292;
-490,-600,9451;
-450,-600,9596;
-410,-600,9738;
-370,-600,9892;
-330,-600,10035;
-290,-600,10209;
-250,-600,10378;
-210,-600,10522;
-170,-600,10700;
-130,-600,10847;
-90,-600,11019;
-50,-600,11179;
-10,-600,11348;
30,-600,11520;
70,-600,11691;
110,-600,11869;
150,-600,12040;
190,-600,12203;
230,-600,12374;
270,-600,12524;
310,-600,12693;
350,-600,12852;
390,-600,12996;
430,-600,13170;
470,-600,13309;
510,-600,13498;
550,-600,13630;
590,-600,13822;
630,-600,13962;
670,-600,14147;
710,-600,14299;
750,-600,14438;
790,-600,14635;
830,-600,14764;
870,-600,14964;
910,-600,15107;
920,-600,15141;
-3070,-450,108;
-3030,-450,272;
-2990,-450,435;
-2950,-450,600;
-2910,-450,762;
-2870,-450,926;
-2830,-450,1089;
-2790,-450,1251;
-2750,-450,1413;
-2710,-450,1581;
-2670,-450,1739;
-2630,-450,1905;
-2590,-450,2069;
-2550,-450,2229;
-2510,-450,2397;
-2470,-450,2561;
-2430,-450,2724;
-2390,-450,2889;
-2350,-450,3055;
-2310,-450,3216;
-2270,-450,3381;
-2230,-450,3545;
-2190,-450,3702;
-2150,-450,3866;
-2110,-450,4029;
-2070,-450,4185;
-2030,-450,4350;
-1990,-450,4504;
-1950,-450,4668;
-1910,-450,4830;
-1870,-450,4993;
-1830,-450,5163;
-1790,-450,5329;
-1750,-450,5493;
-1710,-450,5658;
-1670,-450,5818;
-1630,-450,5976;
-1590,-450,6122;
-1550,-450,6286;
-1510,-450,6461;
-1470,-450,6653;
-1430,-450,6812;
-1390,-450,6972;
-1350,-450,7128;
-1310,-450,7326;
-1270,-450,7511;
-1230,-450,7665;
-1190,-450,7798;
-1150,-450,7984;
-1110,-450,8168;
-1070,-450,8289;
-1030,-450,8497;
-990,-450,8692;
-950,-450,8847;
-910,-450,9010;
-870,-450,9180;
-830,-450,9286;
-790,-450,9443;
-750,-450,9577;
-710,-450,9734;
-670,-450,9886;
-630,-450,10029;
-590,-450,10200;
-550,-450,10367;
-510,-450,10520;
-470,-450,10697;
-430,-450,10840;
-390,-450,11017;
-350,-450,11172;
-310,-450,11346;
-270,-450,11516;
-230,-450,11681;
-190,-450,11861;
-150,-450,12038;
-110,-450,12195;
-70,-450,12372;
-30,-450,12524;
10,-450,12691;
50,-450,12847;
90,-450,12994;
130,-450,13167;
170,-450,13306;
210,-450,13499;
250,-450,13627;
290,-450,13818;
330,-450,13958;
370,-450,14136;
410,-450,14294;
450,-450,14432;
490,-450,14626;
530,-450,14758;
570,-450,14954;
610,-450,15103;
650,-450,15264;
660,-450,15323;
-3370,-300,105;
-3330,-300,270;
-3290,-300,431;
-3250,-300,597;
-3210,-300,758;
-3170,-300,922;
-3130,-300,1085;
-3090,-300,1250;
-3050,-300,1412;
-3010,-300,1579;
-2970,-300,1738;
-2930,-300,1906;
-2890,-300,2069;
-2850,-300,2228;
-2810,-300,2397;
-2770,-300,2559;
-2730,-300,2721;
-2690,-300,2884;
-2650,-300,3045;
-2610,-300,3209;
-2570,-300,3375;
-2530,-300,3536;
-2490,-300,3697;
-2450,-300,3861;
-2410,-300,4023;
-2370,-300,4183;
-2330,-300,4348;
-2290,-300,4503;
-2250,-300,4667;
-2210,-300,4830;
-2170,-300,4995;
-2130,-300,5165;
-2090,-300,5325;
-2050,-300,5491;
-2010,-300,5655;
-1970,-300,5817;
-1930,-300,5975;
-1890,-300,6122;
-1850,-300,6285;
-1810,-300,6462;
-1770,-300,6654;
-1730,-300,6821;
-1690,-300,6971;
-1650,-300,7127;
-1610,-300,7331;
-1570,-300,7505;
-1530,-300,7661;
-1490,-300,7796;
-1450,-300,7988;
-1410,-300,8163;
-1370,-300,8293;
-1330,-300,8492;
-1290,-300,8686;
-1250,-300,8848;
-1210,-300,9018;
-1170,-300,9196;
-1130,-300,9287;
-1090,-300,9450;
-1050,-300,9585;
-1010,-300,9736;
-970,-300,9881;
-930,-300,10033;
-890,-300,10209;
-850,-300,10366;
-810,-300,10519;
-770,-300,10693;
-730,-300,10834;
-690,-300,11013;
-650,-300,11166;
-610,-300,11341;
-570,-300,11512;
-530,-300,11673;
-490,-300,11854;
-450,-300,12032;
-410,-300,12188;
-370,-300,12369;
-330,-300,12521;
-290,-300,12687;
-250,-300,12846;
-210,-300,12993;
-170,-300,13169;
-130,-300,13305;
-90,-300,13500;
-50,-300,13627;
-10,-300,13817;
30,-300,13957;
70,-300,14132;
110,-300,14292;
150,-300,14432;
190,-300,14627;
230,-300,14759;
270,-300,14957;
310,-300,15102;
350,-300,15261;
360,-300,15314;
-3670,-150,100;
-3630,-150,268;
-3590,-150,429;
-3550,-150,591;
-3510,-150,756;
-3470,-150,917;
-3430,-150,1080;
-3390,-150,1249;
-3350,-150,1409;
-3310,-150,1577;
-3270,-150,1738;
-3230,-150,1901;
-3190,-150,2065;
-3150,-150,2227;
-3110,-150,2394;
-3070,-150,2556;
-3030,-150,2722;
-2990,-150,2882;
-2950,-150,3048;
-2910,-150,3214;
-2870,-150,3376;
-2830,-150,3539;
-2790,-150,3700;
-2750,-150,3859;
-2710,-150,4021;
-2670,-150,4181;
-2630,-150,4342;
-2590,-150,4501;
-2550,-150,4665;
-2510,-150,4826;
-2470,-150,4993;
-2430,-150,5164;
-2390,-150,5323;
-2350,-150,5490;
-2310,-150,5652;
-2270,-150,5815;
-2230,-150,5979;
-2190,-150,6127;
-2150,-150,6288;
-2110,-150,6464;
-2070,-150,6655;
-2030,-150,6819;
-1990,-150,6975;
-1950,-150,7128;
-1910,-150,7319;
-1870,-150,7500;
-1830,-150,7661;
-1790,-150,7797;
-1750,-150,7988;
-1710,-150,8167;
-1670,-150,8284;
-1630,-150,8491;
-1590,-150,8652;
-1550,-150,8812;
-1510,-150,9013;
-1470,-150,9169;
-1430,-150,9294;
-1390,-150,9464;
-1350,-150,9588;
-1310,-150,9751;
-1270,-150,9888;
-1230,-150,10048;
-1190,-150,10208;
-1150,-150,10365;
-1110,-150,10517;
-1070,-150,10688;
-1030,-150,10836;
-990,-150,11016;
-950,-150,11173;
-910,-150,11349;
-870,-150,11508;
-830,-150,11679;
-790,-150,11859;
-750,-150,12023;
-710,-150,12186;
-670,-150,12366;
-630,-150,12514;
-590,-150,12684;
-550,-150,12845;
-510,-150,12988;
-470,-150,13168;
-430,-150,13303;
-390,-150,13495;
-350,-150,13629;
-310,-150,13818;
-270,-150,13958;
-230,-150,14133;
-190,-150,14296;
-150,-150,14437;
-110,-150,14628;
-70,-150,14760;
-30,-150,14950;
10,-150,15103;
50,-150,15261;
60,-150,15313;
-3970,0,104;
-3930,0,270;
-3890,0,430;
-3850,0,595;
-3810,0,758;
-3770,0,923;
-3730,0,1083;
-3690,0,1250;
-3650,0,1413;
-3610,0,1577;
-3570,0,1738;
-3530,0,1905;
-3490,0,2065;
-3450,0,2228;
-3410,0,2396;
-3370,0,2559;
-3330,0,2725;
-3290,0,2888;
-3250,0,3050;
-3210,0,3214;
-3170,0,3380;
-3130,0,3542;
-3090,0,3703;
-3050,0,3865;
-3010,0,4026;
-2970,0,4187;
-2930,0,4352;
-2890,0,4506;
-2850,0,4668;
-2810,0,4832;
-2770,0,4996;
-2730,0,5166;
-2690,0,5326;
-2650,0,5491;
-2610,0,5652;
-2570,0,5818;
-2530,0,5982;
-2490,0,6128;
-2450,0,6286;
-2410,0,6464;
-2370,0,6653;
-2330,0,6815;
-2290,0,6967;
-2250,0,7129;
-2210,0,7309;
-2170,0,7488;
-2130,0,7653;
-2090,0,7803;
-2050,0,7991;
-2010,0,8149;
-1970,0,8272;
-1930,0,8458;
-1890,0,8657;
-1850,0,8783;
-1810,0,8992;
-1770,0,9181;
-1730,0,9301;
-1690,0,9487;
-1650,0,9625;
-1610,0,9779;
-1570,0,9920;
-1530,0,10061;
-1490,0,10217;
-1450,0,10370;
-1410,0,10529;
-1370,0,10697;
-1330,0,10839;
-1290,0,11019;
-1250,0,11167;
-1210,0,11349;
-1170,0,11501;
-1130,0,11672;
-1090,0,11847;
-1050,0,12019;
-1010,0,12182;
-970,0,12371;
-930,0,12521;
-890,0,12687;
-850,0,12855;
-810,0,13001;
-770,0,13175;
-730,0,13309;
-690,0,13499;
-650,0,13634;
-610,0,13820;
-570,0,13962;
-530,0,14130;
-490,0,14303;
-450,0,14447;
-410,0,14629;
-370,0,14760;
-330,0,14944;
-290,0,15098;
-250,0,15267;
-210,0,15438;
-170,0,15587;
-130,0,15781;
-90,0,15925;
-50,0,16085;
-10,0,16267;]