9.586628e+002 	 5.416634e+002 
9.591907e+002 	 5.422120e+002 
3.853954e+002 	 4.267476e+002 
9.647055e+002 	 5.423787e+002 
9.626072e+002 	 5.388767e+002 

1.580416e+001 	 6.290494e+002 
1.003905e+003 	 4.951307e+002 
9.652078e+002 	 5.810478e+002 
1.100434e+003 	 5.597191e+002 
9.666985e+002 	 5.454127e+002 
9.567095e+002 	 5.416750e+002 
9.563134e+002 	 5.425095e+002 
9.573092e+002 	 5.376509e+002 

1.394822e+003 	 4.691860e+002 
9.639606e+002 	 5.423859e+002 
9.618009e+002 	 5.377332e+002 

1.381845e+003 	 3.747576e+002 
9.749667e+002 	 5.435553e+002 
9.605969e+002 	 5.390842e+002 

9.620183e+002 	 5.589759e+002 
9.615291e+002 	 5.399177e+002 

1.697236e+003 	 3.811986e+002 
9.743880e+002 	 5.278008e+002 
9.559564e+002 	 5.387366e+002 
9.610509e+002 	 5.397031e+002 

1.831185e+003 	 4.325125e+002 
5.518207e+002 	 7.460407e+002 
9.716079e+002 	 5.355170e+002 
9.798603e+002 	 5.436175e+002 
9.593598e+002 	 5.419926e+002 

1.230632e+003 	 3.716422e+002 
9.711035e+002 	 6.230075e+002 
9.582577e+002 	 5.380233e+002 

1.270746e+003 	 3.646624e+002 
9.724162e+002 	 5.372306e+002 
9.594515e+002 	 5.403557e+002 

1.103221e+003 	 3.983129e+002 
9.659824e+002 	 5.419456e+002 
9.600998e+002 	 5.390133e+002 

1.867243e+003 	 5.358103e+002 
3.942545e+002 	 7.110201e+002 
9.853475e+002 	 5.322094e+002 
9.716723e+002 	 5.516178e+002 
9.578134e+002 	 5.394903e+002 

1.782051e+003 	 4.997293e+002 
8.543508e+002 	 5.998702e+002 
9.651624e+002 	 5.396938e+002 
9.614760e+002 	 5.425395e+002 

1.188032e+003 	 4.189198e+002 
9.637162e+002 	 5.484926e+002 
9.595095e+002 	 5.390853e+002 

1.418928e+003 	 3.431666e+002 
9.704421e+002 	 5.438791e+002 
9.585680e+002 	 5.401337e+002 

9.592563e+002 	 5.411904e+002 
1.821657e+003 	 4.175690e+002 
6.275062e+002 	 7.142271e+002 
9.676928e+002 	 5.340882e+002 
9.848342e+002 	 5.459899e+002 
9.521343e+002 	 5.396308e+002 
9.613533e+002 	 5.404527e+002 

9.335352e+002 	 5.380460e+002 
9.607788e+002 	 5.414804e+002 

9.610255e+002 	 5.423856e+002 
1.334386e+003 	 4.992159e+002 
9.691516e+002 	 5.486581e+002 
9.603885e+002 	 5.396156e+002 

1.529466e+003 	 3.627660e+002 
9.737820e+002 	 5.224443e+002 
9.611574e+002 	 5.375167e+002 

1.664854e+003 	 3.658210e+002 
9.829351e+002 	 5.193361e+002 
9.580718e+002 	 5.357546e+002 
9.615057e+002 	 5.418632e+002 

1.195393e+003 	 3.671525e+002 
9.598658e+002 	 5.404797e+002 

1.661698e+003 	 2.817061e+002 
1.802492e+003 	 3.921632e+002 
8.353564e+002 	 5.856360e+002 
9.645725e+002 	 5.389642e+002 
9.654365e+002 	 5.380936e+002 
9.621461e+002 	 5.388801e+002 

1.724609e+003 	 3.029467e+002 
8.755847e+002 	 5.203127e+002 
9.588492e+002 	 5.389177e+002 

1.710155e+003 	 3.358913e+002 
9.864013e+002 	 5.519396e+002 
9.584629e+002 	 5.403400e+002 

1.401171e+003 	 3.297348e+002 
9.648209e+002 	 5.403245e+002 
9.583928e+002 	 5.375146e+002 

1.098356e+003 	 2.440193e+002 
9.671654e+002 	 5.653794e+002 
9.598702e+002 	 5.431065e+002 
9.590617e+002 	 5.382945e+002 

1.453100e+003 	 1.258865e+002 
9.690081e+002 	 5.790335e+002 
9.579173e+002 	 5.434982e+002 
9.601436e+002 	 5.396237e+002 

1.377961e+003 	 1.577017e+002 
9.840724e+002 	 5.396533e+002 
9.602204e+002 	 5.445419e+002 
9.487627e+002 	 5.456565e+002 
9.648510e+002 	 5.340578e+002 
9.586336e+002 	 5.417094e+002 

1.062590e+003 	 3.377443e+002 
9.673830e+002 	 5.338454e+002 
9.593952e+002 	 5.405281e+002 

1.869487e+003 	 3.263456e+002 
8.731844e+000 	 8.891397e+002 
1.856750e+003 	 4.506041e+002 
5.859753e+002 	 6.095778e+002 
9.653300e+002 	 5.389067e+002 
9.657598e+002 	 5.461213e+002 
9.599392e+002 	 5.437843e+002 
9.583012e+002 	 5.378916e+002 

1.197114e+003 	 5.084000e+002 
9.519925e+002 	 5.361914e+002 
9.574678e+002 	 5.401090e+002 

1.319690e+003 	 4.726424e+002 
9.703465e+002 	 5.372446e+002 
9.583567e+002 	 5.401182e+002 

1.852906e+003 	 3.959074e+002 
4.715818e+002 	 6.958345e+002 
9.640158e+002 	 5.348953e+002 
9.740578e+002 	 5.498948e+002 
9.563092e+002 	 5.401743e+002 
9.608253e+002 	 5.413590e+002 

9.605185e+002 	 5.408548e+002 
1.626499e+003 	 1.575729e+002 
9.864295e+002 	 5.321801e+002 
9.498522e+002 	 5.442322e+002 
9.613230e+002 	 5.385873e+002 

1.551017e+003 	 3.385184e+002 
9.953643e+002 	 5.393251e+002 
9.598137e+002 	 5.399013e+002 

1.120695e+003 	 3.237181e+002 
9.664020e+002 	 5.410185e+002 
9.615867e+002 	 5.384686e+002 

1.731634e+003 	 6.078718e+002 
9.678030e+002 	 5.542987e+002 
9.577437e+002 	 5.412170e+002 

1.334495e+003 	 3.764990e+002 
9.641675e+002 	 5.346001e+002 
9.602306e+002 	 5.381141e+002 

1.038539e+003 	 4.047217e+002 
9.672649e+002 	 5.384917e+002 
9.592010e+002 	 5.403381e+002 

1.296263e+003 	 1.783891e+002 
9.074805e+002 	 5.685324e+002 
9.566167e+002 	 5.438734e+002 
9.612785e+002 	 5.383039e+002 

1.166786e+003 	 2.510563e+002 
9.539195e+002 	 5.500373e+002 
9.598835e+002 	 5.404931e+002 

9.328506e+002 	 5.800479e+002 
9.709518e+002 	 5.405013e+002 
9.753933e+002 	 5.438901e+002 
9.607859e+002 	 5.415576e+002 

9.608579e+002 	 5.414722e+002 
6.382542e+002 	 4.876721e+002 
9.558814e+002 	 5.382750e+002 
9.566607e+002 	 5.379291e+002 
9.616396e+002 	 5.404299e+002 

1.223706e+003 	 5.222912e+002 
1.004220e+003 	 5.428461e+002 
9.515043e+002 	 5.405475e+002 
9.599106e+002 	 5.423042e+002 

1.264506e+003 	 4.321593e+002 
9.387932e+002 	 5.512593e+002 
9.564312e+002 	 5.402796e+002 
9.614271e+002 	 5.406615e+002 

9.611896e+002 	 5.406362e+002 
1.300074e+003 	 5.746418e+002 
1.001118e+003 	 5.496923e+002 
9.613345e+002 	 6.375313e+002 
9.545135e+002 	 5.390430e+002 
9.616203e+002 	 5.394630e+002 

1.077016e+003 	 4.306423e+002 
9.215431e+002 	 5.479335e+002 
9.620866e+002 	 5.435690e+002 
9.705641e+002 	 5.395632e+002 
9.548622e+002 	 5.384133e+002 
9.583495e+002 	 5.392728e+002 

8.781080e+002 	 4.172664e+002 
9.590062e+002 	 5.368898e+002 
9.699852e+002 	 5.421380e+002 
9.569221e+002 	 5.393651e+002 
9.613625e+002 	 5.385537e+002 

4.607008e+002 	 4.028708e+002 
9.682120e+002 	 5.510295e+002 
9.628186e+002 	 5.420735e+002 

4.578114e+002 	 4.478627e+002 
9.600767e+002 	 5.479742e+002 
9.628865e+002 	 5.374406e+002 

1.100846e+003 	 7.259928e+002 
9.608293e+002 	 5.348946e+002 
9.543466e+002 	 5.416618e+002 
9.599037e+002 	 5.402444e+002 

7.507946e+002 	 3.447625e+002 
9.627919e+002 	 5.357329e+002 
9.609318e+002 	 5.412799e+002 

9.813590e+002 	 4.767136e+002 
9.849113e+002 	 5.468145e+002 
9.462215e+002 	 5.404707e+002 
9.635931e+002 	 5.407435e+002 
9.622872e+002 	 5.390322e+002 

7.532702e+002 	 3.582387e+002 
9.580233e+002 	 5.382502e+002 

8.839057e+002 	 7.197684e+002 
9.663754e+002 	 5.483044e+002 
9.634472e+002 	 5.385607e+002 
9.571982e+002 	 5.428549e+002 

9.574996e+002 	 5.425197e+002 
9.568867e+002 	 5.435947e+002 
9.588380e+002 	 5.403135e+002 

1.916959e+003 	 5.358660e+002 
1.158773e+003 	 4.187358e+002 
9.655357e+002 	 5.428334e+002 
9.602307e+002 	 5.430218e+002 
9.604671e+002 	 5.422258e+002 

7.646704e+002 	 5.050636e+002 
9.563517e+002 	 5.386177e+002 
9.608996e+002 	 5.418248e+002 

1.042226e+003 	 3.997299e+002 
9.292737e+002 	 5.494917e+002 
9.609136e+002 	 5.410909e+002 

8.179678e+002 	 6.465105e+002 
9.622648e+002 	 5.380872e+002 

9.621115e+002 	 5.376460e+002 
9.622609e+002 	 5.375419e+002 
9.623504e+002 	 5.376995e+002 
8.997298e+002 	 4.689795e+002 
9.616552e+002 	 5.636918e+002 
9.642859e+002 	 5.413214e+002 
9.575454e+002 	 5.415274e+002 

9.562911e+002 	 5.461094e+002 
9.587778e+002 	 5.408201e+002 

8.542134e+002 	 5.473257e+002 
9.611058e+002 	 5.386528e+002 

9.157494e+002 	 5.465517e+002 
9.596292e+002 	 5.378410e+002 

8.546002e+002 	 2.243653e+002 
9.736319e+002 	 5.526388e+002 
9.582815e+002 	 5.384017e+002 

9.060472e+002 	 4.190463e+002 
9.586386e+002 	 5.471648e+002 
9.560811e+002 	 5.424160e+002 
9.606005e+002 	 5.413109e+002 

1.117920e+003 	 4.705756e+002 
9.652076e+002 	 5.433760e+002 
9.611222e+002 	 5.403125e+002 

1.245786e+003 	 3.958991e+002 
9.921852e+002 	 5.516409e+002 
9.582053e+002 	 5.434982e+002 
9.625180e+002 	 5.399992e+002 

1.152726e+003 	 4.158559e+002 
9.622932e+002 	 5.532244e+002 
9.572844e+002 	 5.438268e+002 
9.595920e+002 	 5.384688e+002 

1.052966e+003 	 3.758999e+002 
9.882466e+002 	 5.350615e+002 
9.559174e+002 	 5.407787e+002 
9.589060e+002 	 5.404997e+002 

6.867692e+002 	 4.838346e+002 
9.638111e+002 	 5.403913e+002 
9.605455e+002 	 5.417405e+002 

6.214551e+002 	 5.435036e+002 
9.655135e+002 	 5.361211e+002 
9.625083e+002 	 5.365574e+002 
9.588473e+002 	 5.455926e+002 
9.599590e+002 	 5.394502e+002 

8.182105e+002 	 4.194516e+002 
9.629564e+002 	 5.395245e+002 

1.065700e+003 	 4.379777e+002 
9.542431e+002 	 5.419820e+002 
9.606898e+002 	 5.402894e+002 

9.606860e+002 	 5.402808e+002 
7.089653e+002 	 4.587970e+002 
9.687048e+002 	 5.424564e+002 
9.601607e+002 	 5.373355e+002 

1.000139e+003 	 4.773009e+002 
9.626751e+002 	 5.364319e+002 
9.583668e+002 	 5.416912e+002 

9.467812e+002 	 3.783195e+002 
9.675748e+002 	 5.360638e+002 
9.595047e+002 	 5.426225e+002 

7.996904e+002 	 4.597689e+002 
9.618491e+002 	 5.425370e+002 

6.697328e+002 	 4.763656e+002 
9.581393e+002 	 5.385742e+002 

1.129073e+003 	 4.328216e+002 
9.766585e+002 	 5.332587e+002 
9.611062e+002 	 5.407463e+002 

8.816290e+002 	 3.935080e+002 
9.601388e+002 	 5.369735e+002 
9.627141e+002 	 5.417922e+002 

1.004460e+003 	 4.862651e+002 
9.616526e+002 	 5.432120e+002 
9.602396e+002 	 5.406356e+002 

9.997761e+002 	 5.415722e+002 
9.640411e+002 	 5.413053e+002 
9.584586e+002 	 5.390873e+002 

8.750718e+002 	 4.119700e+002 
9.607894e+002 	 5.363289e+002 
9.620130e+002 	 5.405273e+002 

9.104814e+002 	 3.960123e+002 
9.376694e+002 	 3.944942e+002 
9.615083e+002 	 5.395989e+002 

1.145018e+003 	 3.973185e+002 
9.802736e+002 	 5.320256e+002 
9.577164e+002 	 5.449873e+002 
9.538146e+002 	 5.416235e+002 
9.544987e+002 	 5.398663e+002 
9.593086e+002 	 5.415286e+002 

6.493813e+002 	 6.769776e+002 
9.535201e+002 	 5.344334e+002 
9.624298e+002 	 5.370507e+002 

1.022676e+003 	 3.739349e+002 
9.633404e+002 	 5.442624e+002 
9.626208e+002 	 5.401955e+002 

1.065915e+003 	 4.545427e+002 
9.421299e+002 	 5.708803e+002 
9.571060e+002 	 5.432999e+002 
9.594617e+002 	 5.384198e+002 

1.018390e+003 	 4.882904e+002 
9.558809e+002 	 5.528920e+002 
9.613653e+002 	 5.395411e+002 

9.739750e+002 	 5.420422e+002 
9.666089e+002 	 5.544522e+002 
9.602863e+002 	 5.443338e+002 
9.584906e+002 	 5.415839e+002 

7.533908e+002 	 4.504773e+002 
9.676191e+002 	 5.412734e+002 
9.618114e+002 	 5.400511e+002 

6.387131e+002 	 5.044779e+002 
9.644817e+002 	 5.335069e+002 
9.622007e+002 	 5.389774e+002 

9.618973e+002 	 5.388850e+002 
1.308899e+003 	 4.121327e+002 
9.568674e+002 	 5.428485e+002 
9.588642e+002 	 5.410929e+002 

6.392150e+002 	 6.353855e+002 
9.591341e+002 	 5.332302e+002 
9.600628e+002 	 5.368985e+002 
9.614715e+002 	 5.420993e+002 

1.273547e+003 	 4.525388e+002 
9.515725e+002 	 5.468882e+002 
9.573477e+002 	 5.422411e+002 

9.033359e+002 	 4.724097e+002 
9.603409e+002 	 5.389681e+002 

9.603407e+002 	 5.396327e+002 
6.612783e+002 	 4.771008e+002 
9.649962e+002 	 5.462403e+002 
9.612511e+002 	 5.418947e+002 

5.702202e+002 	 5.997922e+002 
9.586796e+002 	 5.439086e+002 
9.599083e+002 	 5.373235e+002 

9.596011e+002 	 5.381829e+002 
8.760014e+002 	 4.286199e+002 
9.631975e+002 	 5.360209e+002 
9.614037e+002 	 5.372934e+002 

9.748639e+002 	 5.373565e+002 
9.591587e+002 	 5.409821e+002 

9.587911e+002 	 5.416278e+002 
8.289257e+002 	 4.387374e+002 
9.641592e+002 	 5.385081e+002 
9.684876e+002 	 5.395237e+002 
9.584945e+002 	 5.408395e+002 

9.569357e+002 	 5.411721e+002 
9.612026e+002 	 5.399170e+002 

5.850604e+002 	 5.431709e+002 
9.692748e+002 	 5.371002e+002 
9.587517e+002 	 5.408648e+002 

6.290807e+002 	 5.100470e+002 
9.710719e+002 	 5.399788e+002 
9.635208e+002 	 5.421150e+002 
9.611326e+002 	 5.412725e+002 

1.188103e+003 	 3.913245e+002 
9.895464e+002 	 5.374361e+002 
9.536242e+002 	 5.418426e+002 
9.619690e+002 	 5.412695e+002 

5.846170e+002 	 5.617269e+002 
9.667710e+002 	 5.412886e+002 
9.589738e+002 	 5.398976e+002 

7.701000e+002 	 4.698501e+002 
9.616545e+002 	 5.406370e+002 

1.282550e+003 	 4.569527e+002 
9.454492e+002 	 5.451091e+002 
9.586605e+002 	 5.420220e+002 

6.293233e+002 	 6.005641e+002 
9.615311e+002 	 5.414395e+002 

7.019038e+002 	 4.972578e+002 
9.611077e+002 	 5.331002e+002 
9.619591e+002 	 5.380457e+002 

8.097403e+002 	 4.068310e+002 
9.640917e+002 	 5.375874e+002 
9.595072e+002 	 5.408415e+002 

9.594432e+002 	 5.410247e+002 
1.183027e+003 	 3.942047e+002 
9.512266e+002 	 5.412450e+002 
9.578528e+002 	 5.417537e+002 

1.023247e+003 	 4.082385e+002 
9.800525e+002 	 5.437449e+002 
9.562758e+002 	 5.421661e+002 
9.618660e+002 	 5.403681e+002 

6.088186e+002 	 5.851345e+002 
9.607709e+002 	 5.407446e+002 

8.044962e+002 	 4.253769e+002 
9.506651e+002 	 5.674294e+002 
9.603482e+002 	 5.390118e+002 

8.097271e+002 	 4.446118e+002 
9.595532e+002 	 5.420319e+002 

8.086554e+002 	 4.116015e+002 
9.641328e+002 	 5.361170e+002 
9.582019e+002 	 5.392309e+002 

9.634223e+002 	 5.352001e+002 
9.621491e+002 	 5.404444e+002 

9.884381e+002 	 5.468913e+002 
9.590840e+002 	 5.375179e+002 

7.250204e+002 	 4.702118e+002 
9.607194e+002 	 5.364893e+002 
9.608302e+002 	 5.383386e+002 

1.275262e+003 	 4.168128e+002 
9.423750e+002 	 5.433348e+002 
9.601839e+002 	 5.423007e+002 

8.251968e+002 	 4.433832e+002 
9.642893e+002 	 5.358918e+002 
9.774038e+002 	 5.377287e+002 
9.653908e+002 	 5.390745e+002 
9.629257e+002 	 5.394779e+002 

6.026043e+002 	 5.971744e+002 
9.606796e+002 	 5.431789e+002 
9.622386e+002 	 5.422683e+002 

1.086038e+003 	 4.380371e+002 
9.778749e+002 	 5.270941e+002 
9.555537e+002 	 5.434693e+002 
9.588293e+002 	 5.411700e+002 

6.657079e+002 	 5.129347e+002 
9.640264e+002 	 5.360843e+002 
9.615597e+002 	 5.384843e+002 

7.380105e+002 	 4.398635e+002 
9.659420e+002 	 5.439691e+002 
9.590556e+002 	 5.424848e+002 

1.101393e+003 	 4.220384e+002 
9.288186e+002 	 5.645913e+002 
9.564591e+002 	 5.390013e+002 
9.615109e+002 	 5.439899e+002 
9.586239e+002 	 5.386968e+002 

8.620218e+002 	 4.325483e+002 
9.583768e+002 	 5.460516e+002 
9.610513e+002 	 5.357151e+002 
9.575861e+002 	 5.403294e+002 

1.104661e+003 	 4.339743e+002 
9.806338e+002 	 5.332283e+002 
9.567806e+002 	 5.413912e+002 
9.597414e+002 	 5.399534e+002 

6.944374e+002 	 4.815785e+002 
9.588793e+002 	 5.381246e+002 

8.297810e+002 	 4.790570e+002 
9.594503e+002 	 5.483456e+002 
9.613249e+002 	 5.418471e+002 

8.821617e+002 	 4.281388e+002 
9.601280e+002 	 5.352466e+002 
9.617477e+002 	 5.415383e+002 

6.375017e+002 	 5.022860e+002 
9.624928e+002 	 5.332646e+002 
9.610891e+002 	 5.392906e+002 

5.607146e+002 	 5.925903e+002 
9.594782e+002 	 5.443975e+002 
9.581122e+002 	 5.402312e+002 

9.584613e+002 	 5.405531e+002 
1.135698e+003 	 4.062943e+002 
9.713211e+002 	 5.586982e+002 
9.576036e+002 	 5.401557e+002 

1.141083e+003 	 3.621911e+002 
9.803987e+002 	 5.521455e+002 
9.617926e+002 	 5.431922e+002 
9.586157e+002 	 5.416486e+002 

6.855801e+002 	 4.819599e+002 
9.613212e+002 	 5.638973e+002 
9.628507e+002 	 5.438716e+002 
9.605023e+002 	 5.331534e+002 
9.593847e+002 	 5.381256e+002 

1.203690e+003 	 4.339030e+002 
9.808806e+002 	 5.394054e+002 
9.590596e+002 	 5.427565e+002 

1.256218e+003 	 4.137480e+002 
9.452876e+002 	 5.407759e+002 
9.571641e+002 	 5.417886e+002 

6.848614e+002 	 4.715501e+002 
9.598561e+002 	 5.399665e+002 

9.644142e+002 	 4.248479e+002 
9.614933e+002 	 5.381609e+002 

9.622492e+002 	 5.378296e+002 
9.622639e+002 	 5.379965e+002 
1.041017e+003 	 6.365464e+002 
9.587092e+002 	 5.382178e+002 

1.218901e+003 	 4.289886e+002 
9.832929e+002 	 5.422192e+002 
9.575248e+002 	 5.419231e+002 

5.549599e+002 	 5.839426e+002 
9.597769e+002 	 5.445642e+002 
9.622694e+002 	 5.393679e+002 

1.195344e+003 	 4.016532e+002 
9.624761e+002 	 5.533891e+002 
9.598130e+002 	 5.378397e+002 

1.203494e+003 	 3.752662e+002 
9.877326e+002 	 5.536620e+002 
9.497420e+002 	 5.390043e+002 
9.537319e+002 	 5.374220e+002 
9.618597e+002 	 5.427771e+002 

9.820807e+002 	 4.672420e+002 
9.600533e+002 	 5.436366e+002 
9.628026e+002 	 5.373674e+002 

1.158130e+003 	 4.248981e+002 
9.809452e+002 	 5.364940e+002 
9.615065e+002 	 5.401086e+002 

1.147265e+003 	 4.107141e+002 
9.647950e+002 	 5.468147e+002 
9.594626e+002 	 5.416254e+002 

1.047461e+003 	 6.455656e+002 
9.535701e+002 	 5.354072e+002 
9.546098e+002 	 5.376131e+002 
9.616307e+002 	 5.430124e+002 
9.586216e+002 	 5.380838e+002 

6.157917e+002 	 5.208501e+002 
9.626415e+002 	 5.324799e+002 
9.610167e+002 	 5.364234e+002 
9.580694e+002 	 5.413801e+002 

8.514708e+002 	 4.280611e+002 
9.584542e+002 	 5.387131e+002 

9.583359e+002 	 5.391716e+002 
9.586121e+002 	 5.393191e+002 
1.275196e+003 	 3.920418e+002 
9.448777e+002 	 5.372017e+002 
9.592080e+002 	 5.410384e+002 

1.124869e+003 	 4.594547e+002 
9.799132e+002 	 5.315086e+002 
9.557307e+002 	 5.413268e+002 
9.577927e+002 	 5.435951e+002 
9.595467e+002 	 5.399533e+002 

1.256507e+003 	 4.215954e+002 
9.487374e+002 	 5.391803e+002 
9.576575e+002 	 5.408964e+002 

1.245073e+003 	 4.475684e+002 
9.522932e+002 	 5.452945e+002 
9.582479e+002 	 5.420497e+002 

1.098081e+003 	 3.699220e+002 
9.812237e+002 	 5.376899e+002 
9.487197e+002 	 5.394761e+002 
9.640301e+002 	 5.402412e+002 
9.587689e+002 	 5.408632e+002 

9.608887e+002 	 5.406185e+002 
1.071896e+003 	 6.499992e+002 
9.568492e+002 	 5.391277e+002 
9.578249e+002 	 5.434989e+002 
9.597879e+002 	 5.420791e+002 

9.664827e+002 	 5.439326e+002 
9.587450e+002 	 5.383871e+002 

6.964082e+002 	 4.699175e+002 
9.590956e+002 	 5.361924e+002 
9.615324e+002 	 5.386391e+002 

1.089262e+003 	 3.873272e+002 
9.887099e+002 	 5.518261e+002 
9.566482e+002 	 5.394752e+002 
9.611013e+002 	 5.406364e+002 

1.029576e+003 	 6.275455e+002 
9.614216e+002 	 5.402310e+002 

1.022395e+003 	 5.895349e+002 
9.600282e+002 	 5.380218e+002 

1.014073e+003 	 3.764752e+002 
9.650821e+002 	 5.426345e+002 
9.636391e+002 	 5.429660e+002 
9.583627e+002 	 5.404190e+002 

9.157884e+002 	 3.890191e+002 
9.506761e+002 	 5.457595e+002 
9.482445e+002 	 5.529306e+002 
9.604671e+002 	 5.383137e+002 

7.991071e+002 	 4.236784e+002 
9.640550e+002 	 5.428607e+002 
9.635547e+002 	 5.396729e+002 
9.614692e+002 	 5.398243e+002 

1.046857e+003 	 3.669512e+002 
9.840569e+002 	 5.467067e+002 
9.552329e+002 	 5.398719e+002 
9.590853e+002 	 5.403840e+002 

5.554986e+002 	 6.341098e+002 
9.620475e+002 	 5.434200e+002 
9.570565e+002 	 5.411277e+002 

6.806421e+002 	 4.816762e+002 
9.643623e+002 	 5.439295e+002 
9.611263e+002 	 5.387239e+002 

9.613796e+002 	 5.389786e+002 
9.631063e+002 	 4.795263e+002 
9.622696e+002 	 5.302335e+002 
9.583758e+002 	 5.396071e+002 

6.088541e+002 	 5.252603e+002 
9.681081e+002 	 5.331376e+002 
9.633523e+002 	 5.348858e+002 
9.575874e+002 	 5.391386e+002 

1.070326e+003 	 4.608649e+002 
9.655477e+002 	 5.333822e+002 
9.548980e+002 	 544 
9.588442e+002 	 5.395208e+002 

7.278085e+002 	 4.836829e+002 
9.658025e+002 	 5.434348e+002 
9.609947e+002 	 5.387418e+002 

9.303272e+002 	 5.071094e+002 
9.587356e+002 	 5.374235e+002 

7.361997e+002 	 4.635122e+002 
9.663746e+002 	 5.396554e+002 
9.646276e+002 	 5.367524e+002 
9.587427e+002 	 5.414356e+002 

7.432959e+002 	 4.719261e+002 
9.687091e+002 	 5.409948e+002 
9.631243e+002 	 5.370545e+002 
9.600389e+002 	 5.441419e+002 
9.605820e+002 	 5.367835e+002 
9.604638e+002 	 5.403183e+002 

8.816669e+002 	 4.425095e+002 
9.636092e+002 	 5.324282e+002 
9.603774e+002 	 5.428798e+002 

1.022839e+003 	 4.985915e+002 
9.620990e+002 	 5.344651e+002 
9.579583e+002 	 5.385216e+002 

1.095919e+003 	 3.607296e+002 
9.821942e+002 	 5.483523e+002 
9.568767e+002 	 5.414149e+002 
9.597016e+002 	 5.412278e+002 

1.065679e+003 	 3.896929e+002 
9.697187e+002 	 5.511958e+002 
9.591793e+002 	 5.494980e+002 
9.622717e+002 	 5.394511e+002 

7.145834e+002 	 4.675386e+002 
9.605141e+002 	 5.379866e+002 

1.241570e+003 	 4.224800e+002 
8.935439e+002 	 5.403623e+002 
9.651362e+002 	 5.400310e+002 
9.665182e+002 	 5.398355e+002 
9.555064e+002 	 5.396293e+002 
9.641775e+002 	 5.401889e+002 
9.629194e+002 	 5.403235e+002 

5.555909e+002 	 5.424089e+002 
9.655104e+002 	 5.585807e+002 
9.626260e+002 	 5.393625e+002 

1.054632e+003 	 6.434167e+002 
9.588094e+002 	 5.396619e+002 

1.253715e+003 	 4.127971e+002 
9.884546e+002 	 5.519098e+002 
9.563872e+002 	 5.454837e+002 
9.572560e+002 	 5.408645e+002 

7.899352e+002 	 4.965865e+002 
9.649222e+002 	 5.412087e+002 
9.699678e+002 	 5.390803e+002 
9.586531e+002 	 5.394415e+002 

8.750409e+002 	 5.183903e+002 
9.604581e+002 	 5.389899e+002 

8.332146e+002 	 4.421864e+002 
9.615046e+002 	 5.382087e+002 

9.613246e+002 	 5.390897e+002 
5.867990e+002 	 6.627074e+002 
9.536347e+002 	 5.420630e+002 
9.593737e+002 	 5.363903e+002 
9.618333e+002 	 5.412458e+002 

1.025421e+003 	 6.218041e+002 
9.600762e+002 	 5.423734e+002 

6.220996e+002 	 5.189254e+002 
9.542195e+002 	 5.304276e+002 
9.618282e+002 	 5.361576e+002 
9.597453e+002 	 5.407963e+002 

9.766278e+002 	 5.018818e+002 
9.609890e+002 	 5.421979e+002 

1.002434e+003 	 5.619070e+002 
9.607875e+002 	 5.406619e+002 

1.048995e+003 	 5.166027e+002 
9.589026e+002 	 5.344236e+002 
9.623513e+002 	 5.389281e+002 

1.213093e+003 	 4.244792e+002 
9.510297e+002 	 5.442055e+002 
9.578618e+002 	 5.405955e+002 

6.638463e+002 	 5.086842e+002 
9.627685e+002 	 5.429496e+002 

7.831887e+002 	 4.332237e+002 
9.686167e+002 	 5.406130e+002 
9.617564e+002 	 5.394318e+002 

9.205670e+002 	 5.280500e+002 
9.595755e+002 	 5.404012e+002 

1.215084e+003 	 3.759707e+002 
9.945326e+002 	 5.510807e+002 
9.541398e+002 	 5.421231e+002 
9.609864e+002 	 5.402951e+002 

1.030999e+003 	 5.740530e+002 
9.589714e+002 	 5.378441e+002 

5.377586e+002 	 6.315072e+002 
9.701871e+002 	 5.402746e+002 
9.621969e+002 	 5.385152e+002 

1.231012e+003 	 3.693097e+002 
9.829614e+002 	 5.563141e+002 
9.503498e+002 	 5.419410e+002 
9.560767e+002 	 5.365624e+002 
9.601283e+002 	 5.383700e+002 

1.050917e+003 	 3.980437e+002 
9.874121e+002 	 5.329262e+002 
9.571674e+002 	 5.432019e+002 
9.598173e+002 	 5.411572e+002 

9.552739e+002 	 3.829045e+002 
9.814838e+002 	 5.323625e+002 
9.580225e+002 	 5.424280e+002 

9.566668e+002 	 5.430146e+002 
9.623965e+002 	 5.396598e+002 

7.535832e+002 	 4.682467e+002 
9.688529e+002 	 5.456351e+002 
9.591633e+002 	 5.434017e+002 
9.571944e+002 	 5.376704e+002 

1.126206e+003 	 4.092006e+002 
9.821043e+002 	 5.348533e+002 
9.529499e+002 	 5.475268e+002 
9.639349e+002 	 5.404024e+002 
9.509585e+002 	 5.413681e+002 
9.637091e+002 	 5.377413e+002 
9.522785e+002 	 5.419768e+002 
9.642540e+002 	 5.395903e+002 
9.602996e+002 	 5.403615e+002 

6.826490e+002 	 4.716612e+002 
9.595117e+002 	 5.395478e+002 

6.954653e+002 	 4.658938e+002 
9.639490e+002 	 5.539425e+002 
9.603326e+002 	 5.403519e+002 

9.598887e+002 	 5.411087e+002 
1.044590e+003 	 3.782699e+002 
9.855352e+002 	 5.361029e+002 
9.541349e+002 	 5.437303e+002 
9.659543e+002 	 5.394765e+002 
9.603913e+002 	 5.414363e+002 

6.405594e+002 	 5.452390e+002 
9.616452e+002 	 5.310179e+002 
9.592139e+002 	 5.401417e+002 

7.265726e+002 	 4.556357e+002 
9.630792e+002 	 5.404782e+002 
9.628295e+002 	 5.401707e+002 

1.232639e+003 	 4.309913e+002 
9.572088e+002 	 5.452117e+002 
9.574298e+002 	 5.383761e+002 

1.113893e+003 	 3.893869e+002 
9.836841e+002 	 5.379533e+002 
9.617164e+002 	 5.434500e+002 
9.574713e+002 	 5.411539e+002 

1.049499e+003 	 6.109634e+002 
9.618094e+002 	 5.399485e+002 

7.812002e+002 	 4.408627e+002 
9.667095e+002 	 5.398902e+002 
9.641308e+002 	 5.425460e+002 
9.606684e+002 	 5.411378e+002 

8.689010e+002 	 5.175730e+002 
9.604961e+002 	 5.386050e+002 

8.679137e+002 	 5.066968e+002 
9.621163e+002 	 5.320450e+002 
9.591946e+002 	 5.449372e+002 
9.598961e+002 	 5.344917e+002 
9.593879e+002 	 5.417964e+002 

7.493531e+002 	 4.472650e+002 
9.627937e+002 	 5.420667e+002 

9.074706e+002 	 3.876851e+002 
9.609206e+002 	 5.397175e+002 

6.130741e+002 	 5.431992e+002 
9.752985e+002 	 5.374762e+002 
9.605578e+002 	 5.394834e+002 

1.066348e+003 	 5.227049e+002 
9.570505e+002 	 5.307970e+002 
9.617053e+002 	 5.392240e+002 

1.024027e+003 	 5.909794e+002 
9.619613e+002 	 5.415448e+002 

9.026415e+002 	 4.820632e+002 
9.619274e+002 	 5.411356e+002 

1.093767e+003 	 4.545735e+002 
9.716810e+002 	 5.309410e+002 
9.595210e+002 	 5.386986e+002 

7.286380e+002 	 4.956907e+002 
9.611884e+002 	 5.357993e+002 
9.642660e+002 	 5.402443e+002 
9.601295e+002 	 5.349053e+002 
9.623791e+002 	 5.413014e+002 

9.614173e+002 	 5.420305e+002 
1.047787e+003 	 6.467508e+002 
9.594306e+002 	 5.381887e+002 

1.044590e+003 	 4.699693e+002 
6.140727e+002 	 5.383432e+002 
9.674844e+002 	 5.376254e+002 
9.622803e+002 	 5.438800e+002 
9.601077e+002 	 5.375597e+002 

1.117032e+003 	 4.532807e+002 
9.796246e+002 	 5.293247e+002 
9.554351e+002 	 5.451667e+002 
9.676595e+002 	 5.366374e+002 
9.564447e+002 	 5.429119e+002 
9.600736e+002 	 5.416639e+002 

1.236549e+003 	 3.960652e+002 
9.267496e+002 	 5.467747e+002 
9.575763e+002 	 5.464955e+002 
9.609985e+002 	 5.414748e+002 

5.866589e+002 	 5.492558e+002 
9.645245e+002 	 5.368593e+002 
9.578682e+002 	 5.398823e+002 

9.024569e+002 	 3.681406e+002 
9.647877e+002 	 5.481611e+002 
9.605941e+002 	 5.412958e+002 

1.468240e+003 	 4.388540e+002 
9.728154e+002 	 4.031877e+002 
9.599729e+002 	 5.404721e+002 

7.645130e+002 	 7.965753e+002 
9.509708e+002 	 4.835426e+002 
9.621524e+002 	 5.367705e+002 
9.605320e+002 	 5.386072e+002 

1.039193e+003 	 3.563248e+002 
9.626386e+002 	 5.394870e+002 

1.343258e+003 	 4.112183e+002 
9.607606e+002 	 5.599478e+002 
9.607839e+002 	 5.400085e+002 

1.180398e+003 	 3.753928e+002 
9.694342e+002 	 5.462327e+002 
9.595933e+002 	 5.409194e+002 

1.354637e+003 	 2.437301e+002 
9.490451e+002 	 5.412404e+002 
9.622797e+002 	 5.485528e+002 
9.634876e+002 	 5.386030e+002 
9.578654e+002 	 5.401698e+002 

8.866412e+002 	 5.949737e+002 
9.585186e+002 	 5.444025e+002 
9.603268e+002 	 5.385155e+002 

9.771891e+002 	 5.293384e+002 
9.640905e+002 	 5.383226e+002 
9.593514e+002 	 5.397599e+002 

9.585776e+002 	 5.400020e+002 
8.893590e+002 	 6.216330e+002 
9.595572e+002 	 5.386728e+002 

1.078594e+003 	 4.945095e+002 
1.002274e+003 	 5.426425e+002 
9.521458e+002 	 5.423323e+002 
9.609211e+002 	 5.399732e+002 

1.300069e+003 	 4.911028e+002 
8.423329e+002 	 6.358864e+002 
9.842552e+002 	 5.278302e+002 
9.621820e+002 	 5.363149e+002 
9.602056e+002 	 5.395650e+002 

1.351166e+003 	 4.598774e+002 
9.536106e+002 	 5.341636e+002 
9.598222e+002 	 5.419619e+002 

9.970484e+002 	 5.092393e+002 
9.467135e+002 	 5.823642e+002 
9.597267e+002 	 5.386824e+002 

1.107007e+003 	 4.960749e+002 
9.834961e+002 	 5.250859e+002 
9.543344e+002 	 5.447899e+002 
9.520504e+002 	 5.435592e+002 
9.614383e+002 	 5.381827e+002 

9.606861e+002 	 5.388273e+002 
9.606006e+002 	 5.387565e+002 
8.722638e+002 	 7.652104e+002 
9.592583e+002 	 5.348330e+002 
9.594497e+002 	 5.392789e+002 

1.042268e+003 	 5.226692e+002 
9.579870e+002 	 5.327300e+002 
9.583474e+002 	 5.368444e+002 
9.597596e+002 	 5.405133e+002 

1.297858e+003 	 5.338357e+002 
9.012407e+002 	 5.836449e+002 
9.565993e+002 	 5.421390e+002 
9.617882e+002 	 5.370776e+002 

1.289476e+003 	 4.623969e+002 
1.002203e+003 	 5.428645e+002 
9.573356e+002 	 5.388918e+002 

1.341196e+003 	 5.158992e+002 
8.306860e+002 	 6.341913e+002 
9.822412e+002 	 5.298227e+002 
9.658072e+002 	 5.359514e+002 
9.634232e+002 	 5.399674e+002 
9.609467e+002 	 5.369013e+002 
1.208793e+003 	 4.890237e+002 
9.526126e+002 	 5.401730e+002 
9.606174e+002 	 5.381041e+002 

9.603784e+002 	 5.381930e+002 
1.331427e+003 	 7.084572e+002 
9.681499e+002 	 5.330866e+002 
9.620926e+002 	 5.341695e+002 
9.578291e+002 	 5.413114e+002 

1.329286e+003 	 7.711079e+002 
1.323753e+003 	 7.240661e+002 
9.741034e+002 	 5.402535e+002 
9.601121e+002 	 5.387060e+002 

9.382695e+002 	 1.831692e+002 
9.536624e+002 	 5.563405e+002 
9.616518e+002 	 5.437634e+002 
9.619665e+002 	 5.393558e+002 

1.079616e+003 	 1.846117e+002 
9.567346e+002 	 5.500861e+002 
9.583239e+002 	 5.420358e+002 

5.976046e+002 	 3.985345e+002 
9.700364e+002 	 5.387262e+002 
9.633494e+002 	 5.401868e+002 
9.601392e+002 	 5.386518e+002 

9.609584e+002 	 5.390399e+002 
8.578011e+002 	 3.128516e+002 
9.669039e+002 	 5.535496e+002 
9.593369e+002 	 5.372844e+002 

9.546377e+002 	 3.082588e+002 
9.833660e+002 	 5.266720e+002 
9.533640e+002 	 5.429007e+002 
9.606760e+002 	 5.413711e+002 

9.222591e+002 	 1.897890e+002 
9.565674e+002 	 5.469357e+002 
9.651952e+002 	 5.424834e+002 
9.617684e+002 	 5.409267e+002 

8.573890e+002 	 2.176211e+002 
9.706871e+002 	 5.406805e+002 
9.690286e+002 	 5.398251e+002 
9.662089e+002 	 5.380610e+002 
9.564900e+002 	 5.400288e+002 
9.600359e+002 	 5.409568e+002 

9.637500e+002 	 1.887738e+002 
9.638191e+002 	 5.484667e+002 
9.590293e+002 	 5.442942e+002 
9.610495e+002 	 5.394446e+002 

5.977146e+002 	 4.311397e+002 
9.756987e+002 	 5.657638e+002 
9.579450e+002 	 5.464304e+002 
9.584442e+002 	 5.421829e+002 

7.180385e+002 	 2.821828e+002 
9.674337e+002 	 5.425618e+002 
9.581216e+002 	 5.428812e+002 

9.078246e+002 	 3.166418e+002 
9.614384e+002 	 5.497793e+002 
9.591524e+002 	 5.418833e+002 

7.329308e+002 	 2.473623e+002 
9.615012e+002 	 5.496283e+002 
9.737602e+002 	 5.404855e+002 
9.514153e+002 	 5.428170e+002 
9.639436e+002 	 5.399281e+002 
9.600431e+002 	 5.394934e+002 

6.842962e+002 	 2.952052e+002 
9.546134e+002 	 5.573601e+002 
9.595298e+002 	 5.405862e+002 

9.042790e+002 	 3.173209e+002 
9.627631e+002 	 5.337008e+002 
9.598361e+002 	 5.418788e+002 

7.831993e+002 	 2.350787e+002 
9.643184e+002 	 5.480781e+002 
9.622693e+002 	 5.394567e+002 

7.510842e+002 	 2.976483e+002 
9.702300e+002 	 5.584606e+002 
9.646079e+002 	 5.418157e+002 
9.588349e+002 	 5.429356e+002 

6.453191e+002 	 3.185975e+002 
9.586764e+002 	 5.315430e+002 
9.597397e+002 	 5.390806e+002 

6.628380e+002 	 3.024817e+002 
9.624405e+002 	 5.394415e+002 

7.269646e+002 	 2.417963e+002 
9.634184e+002 	 5.411546e+002 
9.983531e+002 	 5.992636e+002 
9.641739e+002 	 5.374959e+002 
9.591462e+002 	 5.415373e+002 

8.342332e+002 	 5.120586e+002 
9.616467e+002 	 5.404297e+002 

9.651823e+002 	 5.911920e+002 
9.592230e+002 	 5.380933e+002 

1.095306e+003 	 4.605466e+002 
9.649145e+002 	 5.469470e+002 
9.573422e+002 	 5.377698e+002 

1.263765e+003 	 5.356436e+002 
9.755354e+002 	 5.548971e+002 
9.567297e+002 	 5.409314e+002 
9.591661e+002 	 5.395022e+002 

8.396135e+002 	 6.307803e+002 
9.602327e+002 	 5.381382e+002 

1.009497e+003 	 5.247947e+002 
9.772527e+002 	 5.301289e+002 
9.634302e+002 	 5.403116e+002 
9.496506e+002 	 5.442949e+002 
9.615004e+002 	 5.391197e+002 

1.339780e+003 	 4.856721e+002 
9.494775e+002 	 5.355045e+002 
9.598703e+002 	 5.392856e+002 

1.054320e+003 	 4.550988e+002 
9.671247e+002 	 5.692488e+002 
9.595020e+002 	 5.390492e+002 

1.047132e+003 	 4.697978e+002 
9.559159e+002 	 5.377201e+002 
9.592671e+002 	 5.414060e+002 

8.981281e+002 	 4.966631e+002 
9.608098e+002 	 5.404259e+002 

9.111355e+002 	 5.066530e+002 
9.591494e+002 	 5.366950e+002 
9.601956e+002 	 5.400432e+002 

9.269730e+002 	 5.997609e+002 
9.615572e+002 	 5.379895e+002 

9.620039e+002 	 5.385369e+002 
1.076364e+003 	 5.082268e+002 
9.994137e+002 	 5.220090e+002 
9.475859e+002 	 5.490290e+002 
9.550172e+002 	 5.405436e+002 
9.585126e+002 	 5.398118e+002 

1.189765e+003 	 5.427836e+002 
9.621135e+002 	 5.393140e+002 

9.054430e+002 	 5.597990e+002 
9.609910e+002 	 5.414119e+002 

1.041457e+003 	 4.980558e+002 
9.683910e+002 	 5.322932e+002 
9.602162e+002 	 5.395983e+002 

9.584673e+002 	 5.411186e+002 
9.583734e+002 	 5.415292e+002 
9.758916e+002 	 4.710158e+002 
9.601604e+002 	 5.420318e+002 

9.596165e+002 	 5.427046e+002 
1.296752e+003 	 5.555791e+002 
9.613988e+002 	 5.400817e+002 

1.053165e+003 	 4.761480e+002 
9.565423e+002 	 5.420409e+002 
9.588752e+002 	 5.388793e+002 

9.762741e+002 	 5.005710e+002 
9.667779e+002 	 5.379519e+002 
9.626722e+002 	 5.412654e+002 

9.627756e+002 	 4.740301e+002 
9.634533e+002 	 5.423712e+002 
9.578256e+002 	 5.374873e+002 

1.252816e+003 	 5.123933e+002 
9.586590e+002 	 5.525830e+002 
9.598674e+002 	 5.395555e+002 

1.288227e+003 	 5.092404e+002 
9.657872e+002 	 5.461940e+002 
9.614197e+002 	 5.381839e+002 

1.276504e+003 	 5.417749e+002 
9.777766e+002 	 5.459689e+002 
9.602623e+002 	 5.407720e+002 

1.127628e+003 	 4.852974e+002 
9.701384e+002 	 5.302196e+002 
9.531516e+002 	 5.491455e+002 
9.595450e+002 	 5.410200e+002 

1.043749e+003 	 4.634136e+002 
9.651806e+002 	 5.437367e+002 
9.606126e+002 	 5.409440e+002 

1.335901e+003 	 5.635493e+002 
9.935141e+002 	 5.134723e+002 
9.576726e+002 	 5.495918e+002 
9.541559e+002 	 5.469664e+002 
9.527576e+002 	 5.453147e+002 
9.563990e+002 	 5.421024e+002 
9.573774e+002 	 5.399588e+002 

1.366827e+003 	 4.932746e+002 
8.103024e+002 	 5.842784e+002 
9.952373e+002 	 5.345108e+002 
9.906489e+002 	 5.316758e+002 
9.471677e+002 	 5.440519e+002 
1.308035e+003 	 5.443344e+002 
9.696162e+002 	 5.592753e+002 
9.584044e+002 	 5.413319e+002 

9.577725e+002 	 5.418266e+002 
1.303946e+003 	 4.941344e+002 
9.985199e+002 	 5.502328e+002 
9.560600e+002 	 5.398694e+002 
9.640732e+002 	 5.397102e+002 
9.575671e+002 	 5.426791e+002 

1.017994e+003 	 4.984245e+002 
9.600515e+002 	 5.425649e+002 

1.276732e+003 	 5.102444e+002 
9.622854e+002 	 5.578025e+002 
9.617407e+002 	 5.415067e+002 

1.124244e+003 	 5.248027e+002 
1.008049e+003 	 5.477894e+002 
9.574989e+002 	 5.401229e+002 

9.573817e+002 	 5.405220e+002 
1.331241e+003 	 5.395679e+002 
9.566665e+002 	 5.405299e+002 
9.582817e+002 	 5.388989e+002 

1.291765e+003 	 5.699877e+002 
9.708589e+002 	 5.409336e+002 
9.623738e+002 	 5.416312e+002 

8.810627e+002 	 6.840658e+002 
9.604390e+002 	 5.397225e+002 

1.380680e+003 	 4.876549e+002 
8.967146e+002 	 5.406640e+002 
9.682059e+002 	 5.391799e+002 
9.595362e+002 	 5.416475e+002 

1.326911e+003 	 4.891735e+002 
1.003743e+003 	 5.391487e+002 
9.449460e+002 	 5.412658e+002 
9.652665e+002 	 5.378787e+002 
9.577477e+002 	 5.412406e+002 

1.376023e+003 	 4.970234e+002 
8.188894e+002 	 5.493701e+002 
9.788422e+002 	 5.374641e+002 
9.800919e+002 	 5.394615e+002 
9.614447e+002 	 5.400807e+002 

1.399068e+003 	 5.173669e+002 
9.499098e+002 	 5.359967e+002 
9.590866e+002 	 5.406879e+002 

1.197576e+003 	 4.885082e+002 
9.971941e+002 	 5.371941e+002 
9.462367e+002 	 5.343816e+002 
9.652306e+002 	 5.426790e+002 
9.586502e+002 	 5.363418e+002 
9.606774e+002 	 5.414691e+002 

9.598697e+002 	 5.416261e+002 
9.600503e+002 	 5.414127e+002 
9.650689e+002 	 5.395220e+002 
9.628785e+002 	 5.411276e+002 

1.207644e+003 	 4.738880e+002 
8.866463e+002 	 5.740965e+002 
9.601898e+002 	 5.392945e+002 

9.889381e+002 	 5.262973e+002 
9.640267e+002 	 5.403982e+002 
9.598901e+002 	 5.380264e+002 

9.138786e+002 	 4.921509e+002 
9.598277e+002 	 5.422910e+002 

1.374634e+003 	 5.151867e+002 
9.937339e+002 	 5.376842e+002 
9.503756e+002 	 5.411218e+002 
9.624430e+002 	 5.397724e+002 

8.556895e+002 	 5.532551e+002 
9.607312e+002 	 5.405392e+002 

9.014313e+002 	 5.454634e+002 
9.600210e+002 	 5.377121e+002 

1.203497e+003 	 4.967072e+002 
9.538589e+002 	 5.527562e+002 
9.607986e+002 	 5.391148e+002 

9.634730e+002 	 4.902744e+002 
9.614497e+002 	 5.413424e+002 

1.210805e+003 	 5.043149e+002 
9.549032e+002 	 5.463455e+002 
9.621890e+002 	 5.400180e+002 

1.345940e+003 	 5.507857e+002 
9.607714e+002 	 5.373656e+002 

9.601785e+002 	 5.379479e+002 
1.295490e+003 	 4.957280e+002 
9.832057e+002 	 5.564339e+002 
9.580106e+002 	 5.408416e+002 

1.156245e+003 	 5.195402e+002 
1.004402e+003 	 5.515171e+002 
9.560340e+002 	 5.431189e+002 
9.583527e+002 	 5.382978e+002 

8.919742e+002 	 5.916606e+002 
9.591252e+002 	 5.439906e+002 
9.598301e+002 	 5.410572e+002 

1.320673e+003 	 5.891422e+002 
9.639240e+002 	 5.404841e+002 
9.589720e+002 	 5.374152e+002 

1.195607e+003 	 5.066938e+002 
9.544838e+002 	 5.421604e+002 
9.603347e+002 	 5.404080e+002 

1.033786e+003 	 5.031009e+002 
9.670671e+002 	 5.319597e+002 
9.581385e+002 	 5.419831e+002 

1.236615e+003 	 4.983994e+002 
9.589296e+002 	 5.446850e+002 
9.584731e+002 	 5.399100e+002 

1.158514e+003 	 5.212323e+002 
1.005441e+003 	 5.508712e+002 
9.561119e+002 	 5.409951e+002 
9.572982e+002 	 5.395206e+002 

8.739156e+002 	 5.196486e+002 
9.598205e+002 	 5.426137e+002 

1.373744e+003 	 5.168366e+002 
9.717853e+002 	 5.446201e+002 
9.603406e+002 	 5.414945e+002 

1.026900e+003 	 5.428235e+002 
9.947324e+002 	 5.332579e+002 
9.571300e+002 	 5.383220e+002 

8.762738e+002 	 6.056551e+002 
9.582975e+002 	 5.404568e+002 

1.248839e+003 	 5.101864e+002 
9.552832e+002 	 5.422148e+002 
9.596801e+002 	 5.412940e+002 

9.326194e+002 	 5.653408e+002 
9.646571e+002 	 5.385089e+002 
9.610265e+002 	 5.390142e+002 

9.968690e+002 	 5.090967e+002 
9.593030e+002 	 5.392565e+002 

1.280907e+003 	 5.427680e+002 
9.595410e+002 	 5.427695e+002 

1.352830e+003 	 5.086293e+002 
9.915969e+002 	 5.322615e+002 
9.568091e+002 	 5.391342e+002 
9.586880e+002 	 5.397296e+002 

1.146396e+003 	 4.841149e+002 
9.922610e+002 	 5.268145e+002 
9.479388e+002 	 5.462705e+002 
9.602045e+002 	 5.385608e+002 

9.350911e+002 	 6.706003e+002 
9.618632e+002 	 5.390185e+002 

1.245139e+003 	 5.076991e+002 
9.520268e+002 	 5.672282e+002 
9.611074e+002 	 5.426981e+002 

1.345983e+003 	 5.371046e+002 
9.598903e+002 	 5.369892e+002 
9.575007e+002 	 5.432862e+002 
9.632817e+002 	 5.397842e+002 
9.614817e+002 	 5.419193e+002 

1.076890e+003 	 5.094251e+002 
9.947873e+002 	 5.331939e+002 
9.512744e+002 	 5.411889e+002 
9.619251e+002 	 5.392132e+002 

1.325935e+003 	 5.143154e+002 
9.571237e+002 	 5.367003e+002 
9.582229e+002 	 5.409464e+002 

9.451011e+002 	 4.583857e+002 
9.641496e+002 	 5.859148e+002 
9.621091e+002 	 5.421961e+002 

9.617437e+002 	 5.435197e+002 
9.599889e+002 	 5.411496e+002 

1.362021e+003 	 4.975868e+002 
1.005717e+003 	 5.371759e+002 
9.535946e+002 	 5.398835e+002 
9.620800e+002 	 5.390570e+002 

1.282884e+003 	 5.376187e+002 
9.655427e+002 	 5.347008e+002 
9.598626e+002 	 5.376264e+002 

1.288599e+003 	 5.423471e+002 
9.708171e+002 	 5.515495e+002 
9.587279e+002 	 5.424390e+002 

1.131845e+003 	 5.110298e+002 
1.009590e+003 	 5.458398e+002 
9.520728e+002 	 5.404831e+002 
9.577889e+002 	 5.404267e+002 

1.047074e+003 	 5.166743e+002 
9.892401e+002 	 5.288820e+002 
9.538865e+002 	 5.433895e+002 
9.616110e+002 	 5.396876e+002 

1.203243e+003 	 4.718686e+002 
8.421788e+002 	 5.760194e+002 
9.789759e+002 	 5.356987e+002 
9.750723e+002 	 5.313679e+002 
9.656260e+002 	 5.415186e+002 
9.586840e+002 	 5.376388e+002 

9.630078e+002 	 5.126544e+002 
9.487043e+002 	 5.586408e+002 
9.602600e+002 	 5.373578e+002 

1.286417e+003 	 5.114109e+002 
9.609806e+002 	 5.353133e+002 
9.575375e+002 	 5.430922e+002 
9.633689e+002 	 5.397863e+002 
9.588493e+002 	 5.409326e+002 

1.210267e+003 	 4.987021e+002 
9.720502e+002 	 5.441748e+002 
9.509813e+002 	 5.524376e+002 
9.597377e+002 	 5.389778e+002 

9.604548e+002 	 5.385453e+002 
9.603562e+002 	 5.387023e+002 
1.295481e+003 	 5.857198e+002 
9.551320e+002 	 5.159197e+002 
9.573580e+002 	 5.385172e+002 

1.264956e+003 	 5.543088e+002 
9.538175e+002 	 5.407781e+002 
9.606609e+002 	 5.374683e+002 

8.291558e+002 	 6.790495e+002 
9.624390e+002 	 5.381259e+002 

1.385433e+003 	 5.026975e+002 
9.746517e+002 	 5.548043e+002 
9.588494e+002 	 5.409125e+002 

8.719441e+002 	 7.132335e+002 
9.619829e+002 	 5.402279e+002 

9.608473e+002 	 5.417188e+002 
1.198032e+003 	 4.925538e+002 
9.499906e+002 	 5.428910e+002 
9.584339e+002 	 5.394709e+002 

1.083501e+003 	 4.949062e+002 
9.621843e+002 	 5.380311e+002 

1.307328e+003 	 6.138260e+002 
9.699285e+002 	 5.438403e+002 
9.597996e+002 	 5.386007e+002 

1.240090e+003 	 4.939613e+002 
9.881776e+002 	 5.681006e+002 
9.527057e+002 	 5.404471e+002 
9.570968e+002 	 5.404085e+002 

8.258682e+002 	 6.750202e+002 
9.625262e+002 	 5.427818e+002 

9.614161e+002 	 5.431368e+002 
9.645947e+002 	 5.395632e+002 
9.573062e+002 	 5.389733e+002 

9.569350e+002 	 5.391409e+002 
9.584942e+002 	 5.413521e+002 

1.303914e+003 	 5.949909e+002 
9.610719e+002 	 5.407052e+002 

9.608724e+002 	 5.415720e+002 
9.610625e+002 	 5.420019e+002 
1.259857e+003 	 5.031390e+002 
9.847432e+002 	 5.529577e+002 
9.583669e+002 	 5.410254e+002 

9.584702e+002 	 5.423803e+002 
1.349259e+003 	 5.128517e+002 
9.596084e+002 	 5.324580e+002 
9.559971e+002 	 5.418428e+002 
9.617597e+002 	 5.377970e+002 

1.305605e+003 	 6.099904e+002 
9.727132e+002 	 5.418561e+002 
9.575889e+002 	 5.401257e+002 

1.237400e+003 	 5.142960e+002 
9.612005e+002 	 5.547236e+002 
9.597740e+002 	 5.424564e+002 

1.197086e+003 	 5.135470e+002 
9.604573e+002 	 5.400384e+002 

1.225941e+003 	 4.976135e+002 
1.003136e+003 	 5.556663e+002 
9.569773e+002 	 5.402925e+002 
9.624107e+002 	 5.403670e+002 

1.307759e+003 	 6.154673e+002 
9.708257e+002 	 5.440112e+002 
9.622615e+002 	 5.383156e+002 

1.307124e+003 	 6.186594e+002 
9.706921e+002 	 5.447054e+002 
9.568262e+002 	 5.402092e+002 
9.565314e+002 	 5.378560e+002 
9.603886e+002 	 5.408451e+002 

1.157762e+003 	 4.907610e+002 
9.978427e+002 	 5.432576e+002 
9.547984e+002 	 5.401115e+002 
9.599929e+002 	 5.412158e+002 

1.165992e+003 	 4.601836e+002 
8.905377e+002 	 6.059488e+002 
9.622077e+002 	 5.384732e+002 

1.043614e+003 	 4.789783e+002 
9.684504e+002 	 5.437267e+002 
9.593099e+002 	 5.380767e+002 

1.053131e+003 	 4.733595e+002 
9.518802e+002 	 5.379624e+002 
9.586216e+002 	 5.385445e+002 

1.313767e+003 	 6.006329e+002 
9.605589e+002 	 5.470957e+002 
9.582665e+002 	 5.383509e+002 

1.061956e+003 	 5.240680e+002 
9.969437e+002 	 5.316172e+002 
9.524213e+002 	 5.412328e+002 
9.574437e+002 	 5.402587e+002 

1.417567e+003 	 5.303662e+002 
8.148052e+002 	 5.421471e+002 
9.708916e+002 	 5.370911e+002 
9.887856e+002 	 5.386172e+002 
9.478546e+002 	 5.396882e+002 
9.657785e+002 	 5.376736e+002 
9.561562e+002 	 5.414217e+002 
9.619059e+002 	 5.401649e+002 

9.341803e+002 	 4.873219e+002 
9.616260e+002 	 5.494439e+002 
9.630447e+002 	 5.396139e+002 
9.596711e+002 	 5.397874e+002 

1.216782e+003 	 5.082553e+002 
9.625448e+002 	 5.498934e+002 
9.589333e+002 	 5.435367e+002 
9.596706e+002 	 5.356888e+002 
9.593130e+002 	 5.437347e+002 
9.615041e+002 	 5.384467e+002 

1.244758e+003 	 4.793501e+002 
9.916784e+002 	 5.422353e+002 
9.568095e+002 	 5.411684e+002 
9.596827e+002 	 5.406531e+002 

1.305143e+003 	 5.950175e+002 
9.746420e+002 	 5.423181e+002 
9.599866e+002 	 5.408715e+002 

1.355040e+003 	 4.903373e+002 
1.003471e+003 	 5.412059e+002 
9.578416e+002 	 5.382208e+002 

1.358130e+003 	 5.429638e+002 
1.208188e+003 	 5.226779e+002 
9.610187e+002 	 5.461214e+002 
9.628831e+002 	 5.407722e+002 

1.245199e+003 	 5.117045e+002 
9.501425e+002 	 5.385444e+002 
9.612630e+002 	 5.381935e+002 

1.264015e+003 	 5.593158e+002 
9.514507e+002 	 5.457760e+002 
9.596640e+002 	 5.388817e+002 

9.135511e+002 	 5.394350e+002 
9.616753e+002 	 5.376451e+002 

1.059577e+003 	 5.303861e+002 
9.908017e+002 	 5.270353e+002 
9.497214e+002 	 5.410938e+002 
9.634230e+002 	 5.402310e+002 
9.572250e+002 	 5.374702e+002 

9.586720e+002 	 5.381848e+002 
1.290147e+003 	 5.740815e+002 
9.696479e+002 	 5.433738e+002 
9.585419e+002 	 5.390745e+002 

9.571304e+002 	 5.401677e+002 
1.354165e+003 	 5.400057e+002 
9.893254e+002 	 5.340012e+002 
9.503479e+002 	 5.433906e+002 
9.644105e+002 	 5.387617e+002 
9.590520e+002 	 5.390704e+002 

1.097376e+003 	 5.004139e+002 
9.999903e+002 	 5.312149e+002 
9.483661e+002 	 5.391525e+002 
9.605999e+002 	 5.427857e+002 

1.285878e+003 	 5.415821e+002 
9.587283e+002 	 5.414148e+002 

1.270033e+003 	 5.498168e+002 
9.578595e+002 	 5.394947e+002 

9.576253e+002 	 5.400094e+002 
1.314780e+003 	 6.069760e+002 
9.664393e+002 	 5.417628e+002 
9.616168e+002 	 5.378776e+002 

9.348981e+002 	 5.490433e+002 
9.645347e+002 	 5.380054e+002 
9.622637e+002 	 5.424057e+002 

1.366028e+003 	 5.192205e+002 
9.628608e+002 	 5.428459e+002 

1.297344e+003 	 4.909060e+002 
9.523944e+002 	 5.356305e+002 
9.574801e+002 	 5.407598e+002 

1.428345e+003 	 5.119817e+002 
9.373447e+002 	 5.396738e+002 
9.583110e+002 	 5.424309e+002 

1.394560e+003 	 4.959131e+002 
9.600552e+002 	 5.510956e+002 
9.585640e+002 	 5.424496e+002 

1.055355e+003 	 4.905437e+002 
9.600125e+002 	 5.388389e+002 

1.251721e+003 	 5.018987e+002 
9.409157e+002 	 5.701118e+002 
9.544296e+002 	 5.455983e+002 
9.584916e+002 	 5.397854e+002 

1.038193e+003 	 4.936876e+002 
9.674836e+002 	 5.461100e+002 
9.741866e+002 	 5.401419e+002 
9.620127e+002 	 5.381852e+002 

9.508395e+002 	 4.851830e+002 
9.598668e+002 	 5.389127e+002 

1.046782e+003 	 4.860305e+002 
9.570188e+002 	 5.350327e+002 
9.583902e+002 	 5.392145e+002 

1.195795e+003 	 5.046902e+002 
9.514668e+002 	 5.430305e+002 
9.603548e+002 	 5.381950e+002 

1.189690e+003 	 4.728684e+002 
9.954203e+002 	 5.364245e+002 
9.446176e+002 	 5.413679e+002 
9.650656e+002 	 5.399309e+002 
9.588730e+002 	 5.403970e+002 

8.369768e+002 	 6.999669e+002 
9.652381e+002 	 5.354070e+002 
9.586586e+002 	 5.388499e+002 

1.229316e+003 	 5.108569e+002 
8.411781e+002 	 5.358058e+002 
9.603701e+002 	 5.401247e+002 

9.578935e+002 	 4.992976e+002 
9.617065e+002 	 5.370157e+002 

9.514225e+002 	 5.468808e+002 
9.611001e+002 	 5.393745e+002 

1.355444e+003 	 4.994404e+002 
9.542370e+002 	 5.397442e+002 
9.562285e+002 	 5.380812e+002 
9.597934e+002 	 5.430281e+002 
9.610647e+002 	 5.414497e+002 

9.611620e+002 	 5.425148e+002 
1.034846e+003 	 5.608653e+002 
9.925939e+002 	 5.439898e+002 
9.583592e+002 	 5.383729e+002 

8.943535e+002 	 6.017762e+002 
9.572974e+002 	 5.406936e+002 

1.356453e+003 	 4.997872e+002 
8.175535e+002 	 5.788498e+002 
9.856148e+002 	 5.339036e+002 
9.821264e+002 	 5.329395e+002 
9.584137e+002 	 5.413359e+002 

9.565237e+002 	 5.418269e+002 
9.601643e+002 	 5.381962e+002 

1.198810e+003 	 4.918043e+002 
9.990958e+002 	 5.534724e+002 
9.579575e+002 	 5.418612e+002 

1.347886e+003 	 4.999586e+002 
8.268750e+002 	 6.148408e+002 
9.876038e+002 	 5.292872e+002 
9.783172e+002 	 5.326313e+002 
9.621431e+002 	 5.391698e+002 

1.296556e+003 	 4.895994e+002 
9.982716e+002 	 5.315251e+002 
9.490499e+002 	 5.443150e+002 
9.627791e+002 	 5.392096e+002 

1.362263e+003 	 5.399118e+002 
9.539701e+002 	 5.393440e+002 
9.572605e+002 	 5.409389e+002 

8.320199e+002 	 6.726326e+002 
9.615585e+002 	 5.399750e+002 

1.347027e+003 	 5.566238e+002 
9.939588e+002 	 5.102425e+002 
9.453068e+002 	 5.474020e+002 
9.642048e+002 	 5.373323e+002 
9.574129e+002 	 5.413178e+002 

9.586364e+002 	 5.410187e+002 
1.303720e+003 	 5.689385e+002 
9.655725e+002 	 5.356848e+002 
9.614899e+002 	 5.379508e+002 

1.129361e+003 	 5.090384e+002 
1.011308e+003 	 5.516831e+002 
9.554774e+002 	 5.404084e+002 
9.604365e+002 	 5.391544e+002 

8.549232e+002 	 5.577376e+002 
9.566656e+002 	 5.548833e+002 
9.597697e+002 	 5.400850e+002 

1.190378e+003 	 4.931810e+002 
1.306773e+003 	 6.120537e+002 
9.716185e+002 	 5.408393e+002 
9.582300e+002 	 5.392672e+002 

1.362104e+003 	 5.143428e+002 
9.554672e+002 	 5.413151e+002 
9.568875e+002 	 5.456736e+002 
9.613285e+002 	 5.394006e+002 

1.025068e+003 	 5.222582e+002 
9.861584e+002 	 5.369308e+002 
9.639467e+002 	 5.374086e+002 
9.611761e+002 	 5.406241e+002 

1.314877e+003 	 6.111032e+002 
9.649108e+002 	 5.415600e+002 
9.606300e+002 	 5.409030e+002 

9.669593e+002 	 5.321370e+002 
9.640064e+002 	 5.376410e+002 
9.590894e+002 	 5.403114e+002 

9.955423e+002 	 4.923118e+002 
9.609640e+002 	 5.440230e+002 
9.599453e+002 	 5.367767e+002 
9.573912e+002 	 5.387335e+002 

9.566966e+002 	 5.388854e+002 
9.593725e+002 	 5.393943e+002 

9.597431e+002 	 5.388496e+002 
1.207151e+003 	 4.658613e+002 
9.173379e+002 	 5.732901e+002 
9.596617e+002 	 5.397373e+002 

9.832292e+002 	 5.351137e+002 
9.634905e+002 	 5.403301e+002 
9.629264e+002 	 5.393559e+002 

1.266526e+003 	 4.749620e+002 
9.149050e+002 	 5.420185e+002 
9.662272e+002 	 5.409014e+002 
9.556930e+002 	 5.391161e+002 
9.621437e+002 	 5.397756e+002 

8.436543e+002 	 7.237679e+002 
9.602054e+002 	 5.405153e+002 

1.302128e+003 	 5.872516e+002 
9.572784e+002 	 5.550321e+002 
9.593976e+002 	 5.404691e+002 

8.823745e+002 	 7.229720e+002 
9.607203e+002 	 5.386167e+002 

1.417045e+003 	 5.737352e+002 
7.774058e+002 	 5.805930e+002 
1.006189e+003 	 5.272206e+002 
9.845258e+002 	 5.348594e+002 
9.624276e+002 	 5.383485e+002 

1.205880e+003 	 4.836490e+002 
1.004270e+003 	 5.534012e+002 
9.567973e+002 	 5.436319e+002 
9.593311e+002 	 5.404062e+002 

9.592516e+002 	 5.408584e+002 
9.596370e+002 	 5.412568e+002 
1.146645e+003 	 4.661649e+002 
9.012042e+002 	 5.969891e+002 
9.575350e+002 	 5.402965e+002 

9.572278e+002 	 5.405925e+002 
1.085950e+003 	 5.031352e+002 
9.607351e+002 	 5.404683e+002 

1.300760e+003 	 5.778781e+002 
9.621395e+002 	 5.520103e+002 
9.604830e+002 	 5.418614e+002 

9.598809e+002 	 5.424809e+002 
8.564260e+002 	 5.310079e+002 
9.613135e+002 	 5.406674e+002 

1.257638e+003 	 4.791003e+002 
9.872493e+002 	 5.401060e+002 
9.534045e+002 	 5.455283e+002 
9.608155e+002 	 5.402668e+002 

1.308477e+003 	 5.573892e+002 
9.904705e+002 	 5.620428e+002 
9.570903e+002 	 5.408592e+002 

1.082666e+003 	 4.951320e+002 
9.634361e+002 	 5.390732e+002 
9.605368e+002 	 5.381126e+002 

1.139190e+003 	 4.852314e+002 
9.881612e+002 	 5.263569e+002 
9.459482e+002 	 5.474272e+002 
9.629105e+002 	 5.391770e+002 

1.379685e+003 	 5.505784e+002 
8.101516e+002 	 5.812959e+002 
9.871910e+002 	 5.266774e+002 
9.775266e+002 	 5.342125e+002 
9.655716e+002 	 5.368294e+002 
9.575774e+002 	 5.415232e+002 

1.281505e+003 	 4.963485e+002 
9.648699e+002 	 5.394236e+002 
9.578006e+002 	 5.410045e+002 

1.236241e+003 	 4.958454e+002 
9.017271e+002 	 5.998332e+002 
9.577072e+002 	 5.426966e+002 

1.082155e+003 	 4.992305e+002 
9.736358e+002 	 5.255807e+002 
9.611074e+002 	 5.426181e+002 

1.321250e+003 	 5.319355e+002 
9.343659e+002 	 5.710495e+002 
9.558447e+002 	 5.414925e+002 
9.600957e+002 	 5.386277e+002 

9.989754e+002 	 4.924935e+002 
9.690478e+002 	 5.455623e+002 
9.573305e+002 	 5.411979e+002 

1.311954e+003 	 5.994723e+002 
9.732396e+002 	 5.402680e+002 
9.616543e+002 	 5.379066e+002 

1.363369e+003 	 5.308451e+002 
9.575871e+002 	 5.396120e+002 

1.308909e+003 	 5.203386e+002 
9.930653e+002 	 5.417488e+002 
8.957658e+002 	 6.985356e+002 
9.618569e+002 	 5.403063e+002 

8.875697e+002 	 6.001619e+002 
9.588768e+002 	 5.407082e+002 

1.292410e+003 	 5.074388e+002 
9.138354e+002 	 5.861500e+002 
1.294788e+003 	 5.773092e+002 
9.658753e+002 	 5.401411e+002 
9.598276e+002 	 5.400269e+002 

9.597604e+002 	 5.407757e+002 
1.326675e+003 	 4.807740e+002 
9.565524e+002 	 5.392742e+002 
9.603462e+002 	 5.401597e+002 

9.969710e+002 	 5.099027e+002 
9.629115e+002 	 5.480448e+002 
9.588516e+002 	 5.396578e+002 

1.004129e+003 	 5.512782e+002 
9.818000e+002 	 5.305675e+002 
9.613351e+002 	 5.438733e+002 
9.580015e+002 	 5.398571e+002 

9.568992e+002 	 5.407516e+002 
9.625782e+002 	 5.388813e+002 

9.846932e+002 	 5.085640e+002 
9.580453e+002 	 5.438318e+002 
9.559063e+002 	 5.401385e+002 
9.584682e+002 	 5.431244e+002 
9.559683e+002 	 5.408637e+002 
9.579185e+002 	 5.427368e+002 

1.313686e+003 	 4.810110e+002 
9.372130e+002 	 5.388520e+002 
9.642729e+002 	 5.414127e+002 
9.602243e+002 	 5.409602e+002 

1.403142e+003 	 5.480631e+002 
8.107347e+002 	 5.820737e+002 
9.912899e+002 	 5.278615e+002 
9.858131e+002 	 5.316807e+002 
9.556217e+002 	 5.413171e+002 
9.582998e+002 	 5.402668e+002 

1.334830e+003 	 5.221856e+002 
9.609907e+002 	 5.417667e+002 

1.095335e+003 	 5.007561e+002 
9.600736e+002 	 5.331895e+002 
9.586361e+002 	 5.399759e+002 

1.275608e+003 	 4.750412e+002 
9.857400e+002 	 5.638235e+002 
9.545029e+002 	 5.455904e+002 
9.609347e+002 	 5.409493e+002 

1.280355e+003 	 5.014833e+002 
9.909808e+002 	 5.446859e+002 
9.468476e+002 	 5.452785e+002 
9.637680e+002 	 5.354454e+002 
9.588866e+002 	 5.420300e+002 

1.349431e+003 	 5.537639e+002 
9.854855e+002 	 5.194258e+002 
9.464449e+002 	 5.439806e+002 
8.866916e+002 	 6.080037e+002 
9.583410e+002 	 5.393566e+002 

1.330040e+003 	 5.338772e+002 
8.977622e+002 	 5.978591e+002 
9.610145e+002 	 5.389607e+002 

8.610319e+002 	 6.418378e+002 
9.594759e+002 	 5.400370e+002 

1.258725e+003 	 5.351908e+002 
9.653498e+002 	 5.414417e+002 
9.608926e+002 	 5.374570e+002 

8.199674e+002 	 6.423357e+002 
9.586151e+002 	 5.386956e+002 

9.580930e+002 	 5.390486e+002 
1.268160e+003 	 4.732234e+002 
9.982730e+002 	 5.627707e+002 
9.558963e+002 	 5.413359e+002 
9.613779e+002 	 5.399835e+002 

9.768536e+002 	 5.514640e+002 
9.663352e+002 	 5.426424e+002 
9.572543e+002 	 5.393611e+002 

1.082252e+003 	 4.947045e+002 
9.357583e+002 	 5.457284e+002 
9.608356e+002 	 5.387320e+002 

1.097355e+003 	 4.802806e+002 
9.475173e+002 	 5.662289e+002 
9.600367e+002 	 5.398478e+002 

9.580436e+002 	 5.442374e+002 
9.615409e+002 	 5.383276e+002 

1.394580e+003 	 5.107938e+002 
9.939550e+002 	 5.470376e+002 
9.559617e+002 	 5.424421e+002 
9.636675e+002 	 5.424527e+002 
9.593552e+002 	 5.377993e+002 

1.221982e+003 	 5.156321e+002 
9.628316e+002 	 5.631690e+002 
8.213625e+002 	 6.836323e+002 
9.579049e+002 	 5.405444e+002 

1.287705e+003 	 5.614665e+002 
9.598769e+002 	 5.386237e+002 

8.072114e+002 	 6.600422e+002 
9.587481e+002 	 5.394848e+002 

9.695005e+002 	 5.152548e+002 
9.607223e+002 	 5.378990e+002 

9.616809e+002 	 5.390162e+002 
1.332141e+003 	 4.691146e+002 
9.447269e+002 	 5.273243e+002 
9.637160e+002 	 5.408126e+002 
9.589637e+002 	 5.408796e+002 

1.123438e+003 	 5.159759e+002 
9.664315e+002 	 5.416810e+002 
9.596597e+002 	 5.413960e+002 

1.065217e+003 	 5.125032e+002 
9.622074e+002 	 5.410118e+002 

9.423815e+002 	 5.967718e+002 
9.614746e+002 	 5.352660e+002 
9.637322e+002 	 5.401604e+002 
9.583258e+002 	 5.433481e+002 
9.635881e+002 	 5.384168e+002 
9.573192e+002 	 5.426054e+002 

1.300655e+003 	 4.877879e+002 
8.335932e+002 	 5.731704e+002 
9.744350e+002 	 5.354948e+002 
9.828180e+002 	 5.362603e+002 
9.586274e+002 	 5.398397e+002 

9.576506e+002 	 5.404571e+002 
9.573341e+002 	 5.407933e+002 
1.319694e+003 	 5.781414e+002 
9.662860e+002 	 5.414578e+002 
9.582030e+002 	 5.382999e+002 

9.657265e+002 	 5.981266e+002 
9.653382e+002 	 5.375387e+002 
9.601375e+002 	 5.383383e+002 

9.770705e+002 	 5.816232e+002 
9.669985e+002 	 5.428370e+002 
9.535692e+002 	 5.452994e+002 
9.609590e+002 	 5.387847e+002 

1.245509e+003 	 4.863496e+002 
9.503016e+002 	 5.349935e+002 
9.589448e+002 	 5.425904e+002 

1.103838e+003 	 4.805533e+002 
9.472204e+002 	 5.755257e+002 
9.590785e+002 	 5.411908e+002 

9.583364e+002 	 5.413646e+002 
9.057167e+002 	 5.090648e+002 
9.630043e+002 	 5.403936e+002 
9.622971e+002 	 5.404874e+002 

1.278817e+003 	 5.617095e+002 
9.684133e+002 	 5.396140e+002 
9.597060e+002 	 5.402547e+002 

9.595257e+002 	 5.404085e+002 
9.080652e+002 	 5.422088e+002 
9.607998e+002 	 5.411202e+002 

1.220493e+003 	 4.799208e+002 
9.648408e+002 	 5.407294e+002 
9.627068e+002 	 5.389662e+002 

1.366051e+003 	 5.124071e+002 
8.233866e+002 	 6.073587e+002 
9.858220e+002 	 5.286458e+002 
9.671214e+002 	 5.364985e+002 
9.644000e+002 	 5.370467e+002 
9.627749e+002 	 5.406274e+002 

1.300406e+003 	 5.682944e+002 
9.620512e+002 	 5.456334e+002 
9.621837e+002 	 5.390182e+002 

8.669216e+002 	 6.643000e+002 
9.575996e+002 	 5.408917e+002 

1.406394e+003 	 5.416042e+002 
8.320756e+002 	 5.449463e+002 
9.710621e+002 	 5.397281e+002 
9.826560e+002 	 5.354721e+002 
9.585813e+002 	 5.426078e+002 

9.055078e+002 	 5.422678e+002 
9.607249e+002 	 5.405300e+002 

1.233858e+003 	 4.398887e+002 
9.528604e+002 	 5.478706e+002 
9.619403e+002 	 5.422958e+002 

1.276121e+003 	 4.605700e+002 
9.323170e+002 	 5.500702e+002 
9.588762e+002 	 5.406921e+002 

1.274625e+003 	 3.036250e+002 
9.458600e+002 	 2.283834e+002 
9.751195e+002 	 5.623650e+002 
9.624832e+002 	 5.423051e+002 

9.631712e+002 	 5.417383e+002 
9.591037e+002 	 5.402024e+002 

8.685861e+002 	 4.430422e+002 
9.616920e+002 	 5.389741e+002 

1.274327e+003 	 3.041020e+002 
1.056061e+003 	 7.697943e+002 
9.635106e+002 	 5.448457e+002 
9.614997e+002 	 5.409714e+002 

5.341214e+002 	 5.049223e+002 
9.641236e+002 	 5.354691e+002 
9.615024e+002 	 5.395317e+002 

8.378674e+002 	 3.158524e+002 
9.652521e+002 	 5.371739e+002 
9.614601e+002 	 5.419913e+002 

7.637279e+002 	 2.681274e+002 
9.685410e+002 	 5.515286e+002 
9.617360e+002 	 5.405770e+002 

1.046452e+003 	 2.681782e+002 
1.209634e+003 	 2.787786e+002 
7.446981e+002 	 2.847184e+002 
9.747669e+002 	 5.515395e+002 
9.581243e+002 	 5.433401e+002 
9.522502e+002 	 5.473634e+002 
9.572923e+002 	 5.402725e+002 

6.999092e+002 	 2.960759e+002 
9.683243e+002 	 5.515647e+002 
9.630051e+002 	 5.400609e+002 
9.569113e+002 	 5.401267e+002 
9.582420e+002 	 5.402404e+002 

6.815756e+002 	 6.646505e+002 
9.623543e+002 	 5.375753e+002 

1.284162e+003 	 4.860171e+002 
8.109599e+002 	 5.426660e+002 
9.629313e+002 	 5.418555e+002 

1409 	 464 
7.649814e+002 	 2.861744e+002 
9.750157e+002 	 5.489862e+002 
9.634385e+002 	 5.426176e+002 
9.606637e+002 	 5.378288e+002 

9.599267e+002 	 5.390029e+002 
1.067303e+003 	 3.227276e+002 
1.003843e+003 	 5.102937e+002 
9.527235e+002 	 5.397869e+002 
9.605129e+002 	 5.402002e+002 

1.166912e+003 	 2.713824e+002 
8.052237e+002 	 3.790110e+002 
9.594995e+002 	 5.398936e+002 

1.368507e+003 	 4.354933e+002 
8.466355e+002 	 3.170499e+002 
9.647366e+002 	 5.386419e+002 
9.615823e+002 	 5.404845e+002 

5.643626e+002 	 4.390150e+002 
9.684891e+002 	 5.385260e+002 
9.612408e+002 	 5.397179e+002 

9.600639e+002 	 5.400213e+002 
9.595541e+002 	 5.407499e+002 
1.488737e+003 	 4.828947e+002 
7.632710e+002 	 5.494644e+002 
9.565346e+002 	 5.336462e+002 
9.728710e+002 	 5.384861e+002 
9.599374e+002 	 5.416014e+002 

9.596391e+002 	 5.421560e+002 
1.371281e+003 	 4.359063e+002 
9.065871e+002 	 5.497845e+002 
9.582632e+002 	 5.406550e+002 

1.443684e+003 	 5.207744e+002 
1.042422e+003 	 3.551016e+002 
9.615771e+002 	 5.668744e+002 
9.569600e+002 	 5.433744e+002 
9.599933e+002 	 5.404095e+002 

9.605367e+002 	 5.409618e+002 
6.781353e+002 	 3.312168e+002 
9.623136e+002 	 5.503648e+002 
9.625565e+002 	 5.417029e+002 

9.149364e+002 	 3.333020e+002 
9.741906e+002 	 5.373920e+002 
9.593698e+002 	 5.448453e+002 
9.628273e+002 	 5.374191e+002 

1.333444e+003 	 4.139630e+002 
8.640521e+002 	 1.580684e+002 
1.057986e+003 	 8.386419e+002 
9.615262e+002 	 5.422990e+002 

7.941704e+002 	 6.162769e+002 
9.648523e+002 	 5.382978e+002 
9.596370e+002 	 5.426584e+002 

1.445899e+003 	 5.192844e+002 
9.301335e+002 	 4.114036e+002 
9.696604e+002 	 5.433311e+002 
9.708531e+002 	 5.430479e+002 
9.606815e+002 	 5.410059e+002 

6.846344e+002 	 3.547728e+002 
9.637036e+002 	 5.444671e+002 
9.616989e+002 	 5.405237e+002 

1.335251e+003 	 4.829263e+002 
9.402985e+002 	 5.315349e+002 
9.583491e+002 	 5.422616e+002 

9.582318e+002 	 5.420030e+002 
8.328735e+002 	 2.433996e+002 
9.245856e+002 	 5.217395e+002 
9.615884e+002 	 5.443335e+002 
9.640820e+002 	 5.373896e+002 
9.571266e+002 	 5.441837e+002 
9.606390e+002 	 5.417198e+002 

7.638636e+002 	 2.625989e+002 
9.729815e+002 	 5.451215e+002 
9.658411e+002 	 5.376879e+002 
9.597827e+002 	 5.386690e+002 

1.473852e+003 	 5.179259e+002 
1.128532e+003 	 5.094269e+002 
9.510559e+002 	 5.411597e+002 
9.583122e+002 	 5.449403e+002 
9.588927e+002 	 5.411715e+002 

1.428914e+003 	 5.093714e+002 
9.379247e+002 	 4.559204e+002 
9.632713e+002 	 5.386523e+002 
9.622368e+002 	 5.410496e+002 

1.277500e+003 	 3.045000e+002 
1.016408e+003 	 5.395298e+002 
6.776655e+002 	 6.318406e+002 
9.566222e+002 	 5.353196e+002 
9.597480e+002 	 5.376435e+002 

7.261229e+002 	 5.364385e+002 
9.642576e+002 	 5.405497e+002 
9.608035e+002 	 5.363487e+002 
9.591202e+002 	 5.387145e+002 

1.271648e+003 	 4.343242e+002 
9.845198e+002 	 5.652854e+002 
9.591227e+002 	 5.419943e+002 

1.233256e+003 	 4.857619e+002 
9.610348e+002 	 5.462275e+002 
9.587635e+002 	 5.406804e+002 

1.210114e+003 	 4.578512e+002 
9.502328e+002 	 5.322208e+002 
9.569769e+002 	 5.418194e+002 
9.608308e+002 	 5.428465e+002 

9.116375e+002 	 2.013752e+002 
1.050165e+003 	 7.095201e+002 
9.615705e+002 	 5.374945e+002 

9.612108e+002 	 5.372657e+002 
1.065324e+003 	 2.422617e+002 
9.543822e+002 	 5.281606e+002 
9.574822e+002 	 5.447719e+002 
9.607297e+002 	 5.409963e+002 

1.266850e+003 	 3.900100e+002 
9.879034e+002 	 5.289694e+002 
9.601899e+002 	 5.408672e+002 

8.910602e+002 	 2.908272e+002 
9.920608e+002 	 5.388400e+002 
9.531349e+002 	 5.456716e+002 
9.596555e+002 	 5.398514e+002 

1.205273e+003 	 2.819848e+002 
8.691377e+002 	 2.474310e+002 
9.728114e+002 	 5.540931e+002 
9.636882e+002 	 5.409708e+002 
9.581240e+002 	 5.383909e+002 

1.107746e+003 	 3.803202e+002 
9.408472e+002 	 5.434555e+002 
9.590176e+002 	 5.422160e+002 

9.588725e+002 	 5.432839e+002 
9.584265e+002 	 5.416116e+002 

9.581580e+002 	 5.415245e+002 
1.240063e+003 	 5.075039e+002 
1.013648e+003 	 5.285604e+002 
9.591267e+002 	 5.399802e+002 

7.788406e+002 	 2.567578e+002 
9.607715e+002 	 5.425538e+002 

7.176209e+002 	 2.860715e+002 
9.760644e+002 	 5.364539e+002 
9.624077e+002 	 5.388425e+002 

6.686864e+002 	 3.023696e+002 
9.710379e+002 	 5.478166e+002 
9.607364e+002 	 5.449256e+002 
9.600613e+002 	 5.396264e+002 

1.034108e+003 	 2.531702e+002 
8.335592e+002 	 6.443141e+002 
9.838572e+002 	 5.205575e+002 
9.645717e+002 	 5.350329e+002 
9.630145e+002 	 5.408081e+002 
9.618187e+002 	 5.430046e+002 
9.616284e+002 	 5.385047e+002 

7.265036e+002 	 3.624398e+002 
9.619419e+002 	 5.385400e+002 

6.648969e+002 	 4.438697e+002 
9.581495e+002 	 5.313919e+002 
9.597602e+002 	 5.439697e+002 
9.624341e+002 	 5.384589e+002 

1.200467e+003 	 3.751000e+002 
1.065042e+003 	 5.759101e+002 
9.564185e+002 	 5.414518e+002 
9.600885e+002 	 5.404900e+002 

1.223776e+003 	 3.166007e+002 
9.803429e+002 	 5.735769e+002 
9.561407e+002 	 5.413311e+002 
9.589414e+002 	 5.391344e+002 

6.223680e+002 	 4.946960e+002 
9.611243e+002 	 5.329317e+002 
9.624337e+002 	 5.403524e+002 

1.001260e+003 	 2.890135e+002 
9.861232e+002 	 5.474665e+002 
9.512746e+002 	 5.452821e+002 
9.620244e+002 	 5.395485e+002 

1.047780e+003 	 3.420044e+002 
9.712842e+002 	 5.607463e+002 
9.556890e+002 	 5.391708e+002 
9.630143e+002 	 5.417217e+002 
9.603570e+002 	 5.397903e+002 

1.387500e+003 	 3.915000e+002 
1.047419e+003 	 4.679927e+002 
9.391773e+002 	 5.452314e+002 
9.631288e+002 	 5.427773e+002 
9.605392e+002 	 5.379986e+002 

1.128374e+003 	 3.957957e+002 
9.558179e+002 	 5.494758e+002 
9.604731e+002 	 5.419067e+002 

1.163743e+003 	 2.715841e+002 
8.549911e+002 	 6.137997e+002 
9.698289e+002 	 5.375465e+002 
9.618499e+002 	 5.382772e+002 

1.098258e+003 	 2.808871e+002 
1.057322e+003 	 5.534489e+002 
9.527187e+002 	 5.389074e+002 
9.584358e+002 	 5.404120e+002 

9.048497e+002 	 2.809073e+002 
9.866028e+002 	 5.476510e+002 
9.612948e+002 	 5.472188e+002 
9.637024e+002 	 5.371422e+002 
9.575577e+002 	 5.382831e+002 

1.156623e+003 	 3.150145e+002 
9.735215e+002 	 5.222556e+002 
9.592833e+002 	 5.403893e+002 

1.228490e+003 	 3.058800e+002 
3.462329e+002 	 1.066162e+003 
8.784285e+002 	 4.073323e+002 
9.669531e+002 	 5.402030e+002 
9.642006e+002 	 5.416332e+002 
9.593587e+002 	 5.416314e+002 

1.337435e+003 	 4.846463e+002 
9.477347e+002 	 5.329912e+002 
9.596690e+002 	 5.454165e+002 
9.614212e+002 	 5.388779e+002 

8.011077e+002 	 2.717729e+002 
9.786276e+002 	 5.481018e+002 
9.637013e+002 	 5.396573e+002 
9.580214e+002 	 5.399022e+002 

6.789155e+002 	 6.395911e+002 
9.542086e+002 	 5.325244e+002 
9.594312e+002 	 5.395477e+002 

1.058552e+003 	 3.887799e+002 
9.578984e+002 	 5.435251e+002 
9.622671e+002 	 5.410953e+002 

6.190333e+002 	 3.684767e+002 
9.575498e+002 	 5.429504e+002 

1306 	 3.898478e+002 
1.019232e+003 	 4.789043e+002 
9.587698e+002 	 5.427784e+002 

1.136841e+003 	 3.692886e+002 
9.152854e+002 	 6.339308e+002 
9.578142e+002 	 5.399848e+002 

1.392969e+003 	 5.001389e+002 
8.967013e+002 	 5.348847e+002 
9.587163e+002 	 5.406133e+002 

1.273778e+003 	 3.031111e+002 
9.739184e+002 	 5.827009e+002 
9.564254e+002 	 5.435051e+002 
9.611920e+002 	 5.427785e+002 

9.602848e+002 	 5.422529e+002 
1271 	 341 
1.032832e+003 	 5.390900e+002 
9.417489e+002 	 5.416500e+002 
9.630486e+002 	 5.404154e+002 
9.597980e+002 	 5.384322e+002 

6.767513e+002 	 2.739899e+002 
9.785702e+002 	 6.092997e+002 
9.614159e+002 	 5.395988e+002 

1.214836e+003 	 2.624591e+002 
9.843428e+002 	 5.352776e+002 
9.543078e+002 	 5.466232e+002 
9.624449e+002 	 5.401395e+002 

9.023437e+002 	 3.105487e+002 
9.698657e+002 	 5.467762e+002 
9.650795e+002 	 5.410533e+002 
9.581083e+002 	 5.394662e+002 

1.356977e+003 	 4.292775e+002 
9.205783e+002 	 5.942634e+002 
9.581242e+002 	 5.378653e+002 

8.184321e+002 	 4.191896e+002 
9.616747e+002 	 5.394310e+002 

1.498677e+003 	 4.346840e+002 
8.103943e+002 	 5.585955e+002 
9.565445e+002 	 5.359046e+002 
9.825459e+002 	 5.366491e+002 
9.587487e+002 	 5.423878e+002 

1.338551e+003 	 5.560934e+002 
9.559526e+002 	 5.372251e+002 
9.564106e+002 	 5.419132e+002 
9.615376e+002 	 5.419473e+002 

9.081775e+002 	 2.051399e+002 
9.664393e+002 	 5.544039e+002 
9.630615e+002 	 5.384854e+002 
9.578316e+002 	 5.397870e+002 

1.255966e+003 	 3.356613e+002 
9.857351e+002 	 5.431706e+002 
9.553737e+002 	 5.418647e+002 
9.602931e+002 	 5.389117e+002 

1.109062e+003 	 4.396982e+002 
9.564758e+002 	 5.412493e+002 
9.586317e+002 	 5.414373e+002 

9.594222e+002 	 5.422219e+002 
9.596594e+002 	 5.423988e+002 
1.307663e+003 	 3.393405e+002 
9.603139e+002 	 5.307893e+002 
9.603203e+002 	 5.380854e+002 

9.603418e+002 	 5.387442e+002 
1.349893e+003 	 3.331699e+002 
9.082743e+002 	 5.728571e+002 
9.587787e+002 	 5.394809e+002 

1.095664e+003 	 3.075634e+002 
9.730792e+002 	 5.498471e+002 
9.614843e+002 	 5.411492e+002 

1.304457e+003 	 5.500827e+002 
1.169840e+003 	 3.790699e+002 
9.653545e+002 	 5.485639e+002 
9.601949e+002 	 5.412364e+002 

8.315945e+002 	 3.901487e+002 
9.654495e+002 	 5.363283e+002 
9.615530e+002 	 5.414910e+002 

7.420540e+002 	 5.573057e+002 
9.580621e+002 	 5.361651e+002 
9.621880e+002 	 5.384422e+002 

9.619258e+002 	 5.394987e+002 
1.067526e+003 	 2.801430e+002 
9.418041e+002 	 5.565247e+002 
9.574267e+002 	 5.398716e+002 

5.630933e+002 	 4.992812e+002 
9.722565e+002 	 5.358485e+002 
9.627831e+002 	 5.380680e+002 

8.879955e+002 	 3.106311e+002 
9.706136e+002 	 5.471720e+002 
9.633858e+002 	 5.426964e+002 
9.642847e+002 	 5.376166e+002 
9.577574e+002 	 5.404634e+002 

1.466213e+003 	 4.305874e+002 
9.403411e+002 	 5.419456e+002 
9.566463e+002 	 5.430173e+002 
1.054199e+003 	 5.745593e+002 
9.516683e+002 	 5.379199e+002 
9.599392e+002 	 5.390809e+002 

1.266924e+003 	 3.740778e+002 
9.581770e+002 	 5.444711e+002 
9.614474e+002 	 5.420350e+002 

1.311628e+003 	 4.628802e+002 
9.600712e+002 	 5.424032e+002 

1.460902e+003 	 3.776763e+002 
8.479375e+002 	 5.375793e+002 
9.589778e+002 	 5.401881e+002 

1.086081e+003 	 3.612438e+002 
9.844303e+002 	 5.527238e+002 
9.572744e+002 	 5.429188e+002 

9.571598e+002 	 5.431383e+002 
9.604653e+002 	 5.390291e+002 

1.182706e+003 	 4.471896e+002 
9.657028e+002 	 5.433015e+002 
9.588383e+002 	 5.396025e+002 

9.584299e+002 	 5.410188e+002 
1.238578e+003 	 3.484624e+002 
9.393945e+002 	 5.414485e+002 
9.577286e+002 	 5.382555e+002 

9.577214e+002 	 5.379985e+002 
1.102582e+003 	 4.109496e+002 
9.674300e+002 	 5.510332e+002 
9.595569e+002 	 5.457864e+002 
9.628745e+002 	 5.398957e+002 

1.517398e+003 	 5.173884e+002 
7.239665e+002 	 5.893561e+002 
1.027804e+003 	 5.245372e+002 
9.877205e+002 	 5.322853e+002 
9.506194e+002 	 5.425510e+002 
9.640923e+002 	 5.390207e+002 
9.566092e+002 	 5.408059e+002 
9.601365e+002 	 5.400979e+002 

1.367690e+003 	 5.338403e+002 
9.571909e+002 	 5.309931e+002 
9.571005e+002 	 5.382953e+002 

1.355256e+003 	 3.451506e+002 
9.761993e+002 	 5.312337e+002 
9.575041e+002 	 5.427908e+002 

1.274294e+003 	 4.817253e+002 
9.659940e+002 	 5.412035e+002 
9.570876e+002 	 5.401941e+002 

5.244986e+002 	 4.860412e+002 
9.719248e+002 	 5.427729e+002 
9.617848e+002 	 5.366472e+002 
9.610498e+002 	 5.386746e+002 

1.079296e+003 	 2.213970e+002 
9.514105e+002 	 5.389673e+002 
9.572092e+002 	 5.442261e+002 
9.595727e+002 	 5.400474e+002 

1.112600e+003 	 3.779636e+002 
9.395235e+002 	 5.573043e+002 
9.570457e+002 	 5.432009e+002 
9.606497e+002 	 5.371341e+002 

1.188926e+003 	 2.476686e+002 
9.546233e+002 	 5.447242e+002 
9.578796e+002 	 5.402607e+002 

1.222616e+003 	 5.019262e+002 
9.580514e+002 	 5.388967e+002 

8.076569e+002 	 4.158390e+002 
9.643015e+002 	 5.392588e+002 
9.641644e+002 	 5.444075e+002 
9.599232e+002 	 5.375660e+002 

9.115217e+002 	 1.949200e+002 
9.511391e+002 	 6.014399e+002 
9.606050e+002 	 5.422998e+002 

9.603409e+002 	 5.423667e+002 
9.213356e+002 	 2.169375e+002 
9.643228e+002 	 5.513230e+002 
9.630123e+002 	 5.415049e+002 
9.582828e+002 	 5.394791e+002 

9.581430e+002 	 5.401415e+002 
1.141155e+003 	 4.285934e+002 
9.537309e+002 	 5.424874e+002 
9.614398e+002 	 5.410356e+002 

1.198612e+003 	 4.937686e+002 
9.575270e+002 	 5.354681e+002 
9.590926e+002 	 5.437334e+002 
9.585302e+002 	 5.379648e+002 

1.320721e+003 	 4.691296e+002 
9.754204e+002 	 5.426360e+002 
9.563414e+002 	 5.453181e+002 
9.573663e+002 	 5.421998e+002 

7.694954e+002 	 6.703060e+002 
9.615954e+002 	 5.356227e+002 
9.608504e+002 	 5.403420e+002 

1.247901e+003 	 4.335794e+002 
9.534364e+002 	 5.330239e+002 
9.590338e+002 	 5.419562e+002 

1.150913e+003 	 2.302251e+002 
9.582218e+002 	 5.539937e+002 
9.601085e+002 	 5.399030e+002 

1.265495e+003 	 3.529614e+002 
9.507170e+002 	 5.359596e+002 
9.595735e+002 	 5.408198e+002 

7.124463e+002 	 4.948996e+002 
9.637127e+002 	 5.388318e+002 
9.615571e+002 	 5.368394e+002 
9.587896e+002 	 5.427294e+002 

1.101437e+003 	 4.577684e+002 
9.547562e+002 	 5.398223e+002 
9.577891e+002 	 5.408295e+002 

9.579341e+002 	 5.410876e+002 
1.051055e+003 	 2.112868e+002 
9.740745e+002 	 5.362178e+002 
9.579157e+002 	 5.481299e+002 
9.580709e+002 	 5.404331e+002 

9.794474e+002 	 2.388949e+002 
9.614975e+002 	 5.614053e+002 
9.589573e+002 	 5.405452e+002 

1.029669e+003 	 3.493227e+002 
9.862785e+002 	 5.459016e+002 
9.525647e+002 	 5.366555e+002 
9.635600e+002 	 5.394159e+002 
9.590825e+002 	 5.407921e+002 

1.339139e+003 	 3.391447e+002 
9.348243e+002 	 5.585345e+002 
9.564444e+002 	 5.435982e+002 
9.589507e+002 	 5.386337e+002 

1.392580e+003 	 4.451740e+002 
9.526233e+002 	 5.410485e+002 
9.596263e+002 	 5.420942e+002 

9.596113e+002 	 5.422262e+002 
5.799161e+002 	 5.333465e+002 
9.656029e+002 	 5.354108e+002 
9.595236e+002 	 5.387803e+002 

1.430891e+003 	 3.549536e+002 
7.993640e+002 	 5.446976e+002 
9.761546e+002 	 5.381628e+002 
9.897399e+002 	 5.394220e+002 
9.492449e+002 	 5.384875e+002 
9.640012e+002 	 5.403406e+002 
9.608735e+002 	 5.391084e+002 

9.670508e+002 	 2.971835e+002 
9.813473e+002 	 5.352630e+002 
9.566069e+002 	 5.429922e+002 
9.618288e+002 	 5.400634e+002 

8.142093e+002 	 2.746124e+002 
9.504093e+002 	 5.617003e+002 
9.595472e+002 	 5.417136e+002 

1.539938e+003 	 5.533101e+002 
8.977732e+002 	 5.486324e+002 
9.654598e+002 	 5.387621e+002 
9.592701e+002 	 5.410944e+002 

9.591546e+002 	 5.415429e+002 
1.158718e+003 	 3.776060e+002 
9.782273e+002 	 5.573823e+002 
9.613136e+002 	 5.419508e+002 

1.237467e+003 	 5.026670e+002 
9.627091e+002 	 5.409909e+002 

1.405801e+003 	 3.444119e+002 
7.887438e+002 	 6.035149e+002 
9.915465e+002 	 5.259068e+002 
9.792375e+002 	 5.329095e+002 
9.605988e+002 	 5.388560e+002 

1.312012e+003 	 3.262984e+002 
9.754365e+002 	 5.396763e+002 
9.594946e+002 	 5.423763e+002 

7.740815e+002 	 2.446085e+002 
9.819551e+002 	 5.593444e+002 
9.651788e+002 	 5.389443e+002 
9.589234e+002 	 5.394189e+002 

1.089948e+003 	 2.610425e+002 
9.864347e+002 	 5.364383e+002 
9.537017e+002 	 5.427304e+002 
9.623173e+002 	 5.378709e+002 

1.300646e+003 	 3.678551e+002 
9.525558e+002 	 5.428025e+002 
9.579160e+002 	 5.412550e+002 

9.577844e+002 	 5.418702e+002 
6.917117e+002 	 3.659607e+002 
9.730534e+002 	 5.367789e+002 
9.589578e+002 	 5.450704e+002 
9.595478e+002 	 5.372947e+002 

1.164784e+003 	 4.604503e+002 
9.569757e+002 	 5.370051e+002 
9.579879e+002 	 5.408611e+002 

1.510821e+003 	 4.694239e+002 
8.259875e+002 	 5.738451e+002 
9.603864e+002 	 5.366534e+002 
9.796421e+002 	 5.357275e+002 
9.571753e+002 	 5.423354e+002 

1.361326e+003 	 3.368837e+002 
9.920777e+002 	 5.473453e+002 
9.495004e+002 	 5.476281e+002 
9.623842e+002 	 5.383028e+002 

1.231515e+003 	 2.932818e+002 
9.779962e+002 	 5.436609e+002 
9.544980e+002 	 5.432307e+002 
9.629695e+002 	 5.384005e+002 

6.249336e+002 	 5.685626e+002 
9.622781e+002 	 5.411283e+002 

5.782349e+002 	 6.533189e+002 
9.543444e+002 	 5.428869e+002 
9.581001e+002 	 5.405761e+002 

5.284779e+002 	 5.320841e+002 
9.605716e+002 	 5.482747e+002 
9.597982e+002 	 5.389325e+002 

5.671368e+002 	 5.063041e+002 
9.781211e+002 	 5.329657e+002 
9.601835e+002 	 5.405177e+002 

1.063303e+003 	 2.182569e+002 
9.508723e+002 	 5.487837e+002 
9.615817e+002 	 5.422922e+002 

1.128303e+003 	 2.658303e+002 
9.474248e+002 	 5.501003e+002 
9.586177e+002 	 5.402999e+002 

1.302276e+003 	 4.820793e+002 
9.547686e+002 	 5.438613e+002 
9.594507e+002 	 5.436695e+002 
9.601772e+002 	 5.395165e+002 

7.335314e+002 	 4.734352e+002 
9.580288e+002 	 5.353410e+002 
9.612610e+002 	 5.376880e+002 

9.614425e+002 	 5.382890e+002 
6.992138e+002 	 5.968729e+002 
9.563461e+002 	 5.373966e+002 
9.596509e+002 	 5.380477e+002 

5.405387e+002 	 4.247720e+002 
9.695130e+002 	 5.419830e+002 
9.644652e+002 	 5.414528e+002 
9.566664e+002 	 5.397539e+002 
9.581991e+002 	 5.415749e+002 

1.111971e+003 	 3.943434e+002 
9.518715e+002 	 5.482466e+002 
9.589869e+002 	 5.411873e+002 

1.292697e+003 	 5.347744e+002 
9.570441e+002 	 5.395241e+002 

8.501427e+002 	 3.751758e+002 
9.662106e+002 	 5.382129e+002 
9.588611e+002 	 5.467697e+002 
9.596480e+002 	 5.401781e+002 

1.183082e+003 	 3.104166e+002 
9.613837e+002 	 5.435929e+002 
9.602589e+002 	 5.425121e+002 

1.038350e+003 	 2.797946e+002 
9.842852e+002 	 5.370977e+002 
9.539534e+002 	 5.432602e+002 
9.625702e+002 	 5.389382e+002 

9.622299e+002 	 5.391387e+002 
1.018414e+003 	 2.137016e+002 
9.591806e+002 	 5.524046e+002 
9.614617e+002 	 5.422135e+002 

1.459977e+003 	 3.980274e+002 
9.321755e+002 	 5.433030e+002 
9.595822e+002 	 5.405551e+002 

7.638988e+002 	 5.129135e+002 
9.611807e+002 	 5.334022e+002 
1.125603e+003 	 3.097459e+002 
9.534274e+002 	 5.737825e+002 
9.606746e+002 	 5.453367e+002 
9.629270e+002 	 5.390017e+002 

9.572597e+002 	 2.238403e+002 
9.676156e+002 	 5.512975e+002 
9.607318e+002 	 5.390684e+002 

7.957707e+002 	 3.342902e+002 
9.647942e+002 	 5.416268e+002 
9.610037e+002 	 5.384929e+002 

1.070953e+003 	 3.148204e+002 
9.470014e+002 	 5.427949e+002 
9.606701e+002 	 5.395670e+002 

9.609124e+002 	 5.398888e+002 
9.614328e+002 	 5.402142e+002 
9.616553e+002 	 5.407000e+002 
9.620597e+002 	 5.407891e+002 
5.989940e+002 	 4.381258e+002 
9.745046e+002 	 5.495429e+002 
9.601886e+002 	 5.413804e+002 

1.073878e+003 	 2.212379e+002 
9.475063e+002 	 5.499094e+002 
9.614182e+002 	 5.406150e+002 

1.122497e+003 	 3.464869e+002 
9.509055e+002 	 5.728655e+002 
9.601566e+002 	 5.424240e+002 

5.256975e+002 	 5.406692e+002 
9.610308e+002 	 5.420421e+002 

1.027574e+003 	 2.396210e+002 
9.581496e+002 	 5.542156e+002 
9.585527e+002 	 5.413980e+002 

8.511113e+002 	 2.579544e+002 
9.615590e+002 	 5.415532e+002 

1.521267e+003 	 5.057907e+002 
9.027826e+002 	 5.404768e+002 
9.602563e+002 	 5.415171e+002 

9.603776e+002 	 5.424018e+002 
1.143955e+003 	 4.383800e+002 
9.547086e+002 	 5.438750e+002 
9.575042e+002 	 5.394182e+002 

1.122621e+003 	 3.206630e+002 
9.765859e+002 	 5.439584e+002 
9.630119e+002 	 5.416685e+002 
9.591401e+002 	 5.393529e+002 

1.265082e+003 	 3.610956e+002 
9.485399e+002 	 5.356259e+002 
9.596328e+002 	 5.427940e+002 

1.220442e+003 	 2.908705e+002 
9.851286e+002 	 5.473582e+002 
9.533184e+002 	 5.446996e+002 
9.634796e+002 	 5.374254e+002 
9.575980e+002 	 5.379292e+002 

8.719825e+002 	 4.405818e+002 
9.623278e+002 	 5.392606e+002 

1.386577e+003 	 3.314567e+002 
7.847958e+002 	 5.912226e+002 
9.942385e+002 	 5.262812e+002 
9.832411e+002 	 5.337074e+002 
9.547562e+002 	 5.386842e+002 
9.631877e+002 	 5.415973e+002 
9.564679e+002 	 5.386632e+002 
9.611625e+002 	 5.394212e+002 

1.144093e+003 	 2.922861e+002 
9.728214e+002 	 5.483453e+002 
9.596831e+002 	 5.465243e+002 
9.588874e+002 	 5.377907e+002 

1.369960e+003 	 3.606491e+002 
8.764036e+002 	 6.096765e+002 
9.635972e+002 	 5.342665e+002 
9.615396e+002 	 5.402405e+002 

1.124064e+003 	 3.369406e+002 
9.861094e+002 	 5.509904e+002 
9.599256e+002 	 5.446297e+002 
9.594387e+002 	 5.411895e+002 

1.246036e+003 	 3.858203e+002 
9.573479e+002 	 5.426000e+002 

1.106445e+003 	 4.356001e+002 
9.678595e+002 	 5.540144e+002 
9.551576e+002 	 5.415841e+002 
9.616338e+002 	 5.392910e+002 

1.347002e+003 	 4.764957e+002 
9.487544e+002 	 5.413482e+002 
9.595078e+002 	 5.402310e+002 

5.550424e+002 	 4.086809e+002 
9.817148e+002 	 5.790018e+002 
9.587395e+002 	 5.400612e+002 

1.260341e+003 	 5.383252e+002 
9.540729e+002 	 5.301052e+002 
9.556796e+002 	 5.391425e+002 
9.618400e+002 	 5.419128e+002 

9.620381e+002 	 5.415715e+002 
7.544897e+002 	 2.610746e+002 
9.685158e+002 	 5.414134e+002 
9.625591e+002 	 5.415058e+002 

1.290830e+003 	 3.906505e+002 
9.727299e+002 	 5.576615e+002 
9.586062e+002 	 5.419086e+002 

8.438013e+002 	 2.369048e+002 
9.594969e+002 	 5.619644e+002 
9.583789e+002 	 5.420641e+002 

1.223048e+003 	 3.707264e+002 
9.521349e+002 	 5.458143e+002 
9.591217e+002 	 5.388243e+002 

5.655463e+002 	 5.107462e+002 
9.646265e+002 	 5.327040e+002 
9.625863e+002 	 5.405074e+002 

8.652834e+002 	 2.293532e+002 
9.644728e+002 	 5.652777e+002 
1.000480e+003 	 2.825318e+002 
9.322432e+002 	 5.546488e+002 
9.646711e+002 	 5.404017e+002 
9.579738e+002 	 5.392960e+002 

9.575384e+002 	 5.396789e+002 
1.049714e+003 	 2.422248e+002 
9.748986e+002 	 6.475668e+002 
9.601280e+002 	 5.405001e+002 

9.597528e+002 	 5.406508e+002 
7.335771e+002 	 4.403553e+002 
9.582378e+002 	 5.394596e+002 

8.979358e+002 	 3.785394e+002 
9.631887e+002 	 5.380046e+002 
9.676889e+002 	 5.425227e+002 
9.620839e+002 	 5.388687e+002 

9.035517e+002 	 2.341230e+002 
9.512886e+002 	 5.619858e+002 
9.616198e+002 	 5.400528e+002 

9.617615e+002 	 5.407075e+002 
1.245949e+003 	 5.199641e+002 
9.471553e+002 	 5.337455e+002 
9.558162e+002 	 5.407882e+002 
9.618253e+002 	 5.423311e+002 

1.010767e+003 	 2.150210e+002 
9.674887e+002 	 5.484363e+002 
9.605340e+002 	 5.401076e+002 

1.183217e+003 	 5.114092e+002 
9.532453e+002 	 5.480794e+002 
9.549730e+002 	 5.394107e+002 
9.613012e+002 	 5.425733e+002 

9.623835e+002 	 5.426590e+002 
9.625750e+002 	 5.431454e+002 
9.601368e+002 	 5.392117e+002 

1.244000e+003 	 5.284952e+002 
9.572441e+002 	 5.371754e+002 

1.448228e+003 	 4.822466e+002 
9.763254e+002 	 5.674535e+002 
9.578622e+002 	 5.421874e+002 

7.320635e+002 	 2.848731e+002 
9.640197e+002 	 5.396763e+002 
9.617829e+002 	 5.430036e+002 
9.605056e+002 	 5.387113e+002 

9.272743e+002 	 3.748962e+002 
9.696098e+002 	 5.373821e+002 
9.657939e+002 	 5.430351e+002 
9.632019e+002 	 5.376862e+002 
9.590724e+002 	 5.405197e+002 

6.849847e+002 	 5.630827e+002 
9.579203e+002 	 5.361378e+002 
9.618106e+002 	 5.377606e+002 

1.166549e+003 	 4.310832e+002 
9.584509e+002 	 5.404631e+002 

1.175980e+003 	 2.422055e+002 
9.541394e+002 	 5.601233e+002 
9.604619e+002 	 5.415769e+002 

1.469070e+003 	 4.300849e+002 
7.690325e+002 	 5.906007e+002 
1.004680e+003 	 5.253118e+002 
9.889716e+002 	 5.324925e+002 
9.481031e+002 	 5.429615e+002 
9.630131e+002 	 5.385084e+002 
9.604164e+002 	 5.393494e+002 

9.595784e+002 	 5.394200e+002 
6.224847e+002 	 3.402368e+002 
9.543199e+002 	 5.495068e+002 
9.595669e+002 	 5.410260e+002 

1.448399e+003 	 4.437980e+002 
9.821636e+002 	 5.453621e+002 
9.512148e+002 	 5.453881e+002 
9.636223e+002 	 5.381729e+002 
9.592357e+002 	 5.408658e+002 

6.322761e+002 	 5.256407e+002 
9.650914e+002 	 5.301651e+002 
9.628036e+002 	 5.390869e+002 

1.043164e+003 	 3.757152e+002 
9.521981e+002 	 5.497925e+002 
9.606584e+002 	 5.419528e+002 

9.987333e+002 	 3.400356e+002 
9.756923e+002 	 5.440426e+002 
9.579952e+002 	 5.395233e+002 

1.399173e+003 	 3.440651e+002 
7.780827e+002 	 5.949507e+002 
1.004619e+003 	 5.254395e+002 
9.823874e+002 	 5.311590e+002 
9.527339e+002 	 5.423333e+002 
9.625187e+002 	 5.395527e+002 

1.235056e+003 	 2.758853e+002 
9.833149e+002 	 5.309340e+002 
9.550416e+002 	 5.493301e+002 
9.584402e+002 	 5.402684e+002 

7.456481e+002 	 4.686827e+002 
9.580932e+002 	 5.407823e+002 

1.292205e+003 	 4.596701e+002 
9.530200e+002 	 5.421749e+002 
9.603744e+002 	 5.430794e+002 
9.603179e+002 	 5.398927e+002 

1.406806e+003 	 4.201163e+002 
9.501558e+002 	 5.363954e+002 
9.588674e+002 	 5.411154e+002 

1.202032e+003 	 3.532910e+002 
9.871669e+002 	 5.590514e+002 
9.545836e+002 	 5.429111e+002 
9.615458e+002 	 5.418547e+002 

7.373971e+002 	 5.728027e+002 
9.544166e+002 	 5.325700e+002 
9.606778e+002 	 5.406321e+002 

8.882206e+002 	 3.933083e+002 
9.688797e+002 	 5.382978e+002 
9.599677e+002 	 5.429039e+002 

1.515433e+003 	 5.020349e+002 
9.220408e+002 	 5.447687e+002 
9.606822e+002 	 5.418630e+002 

1.156619e+003 	 3.828715e+002 
9.573080e+002 	 5.425162e+002 

9.571150e+002 	 5.432326e+002 
9.594808e+002 	 5.422178e+002 

1.254540e+003 	 5.177540e+002 
9.567340e+002 	 5.369907e+002 
9.575137e+002 	 5.412379e+002 

1.399270e+003 	 4.800330e+002 
9.676134e+002 	 5.218993e+002 
9.473494e+002 	 5.478344e+002 
9.552841e+002 	 5.454321e+002 
9.563262e+002 	 5.420669e+002 
9.591229e+002 	 5.391789e+002 

1.203539e+003 	 2.455552e+002 
8.744898e+002 	 5.881896e+002 
9.619450e+002 	 5.400400e+002 

9.619356e+002 	 5.403031e+002 
1.071447e+003 	 3.129740e+002 
9.745298e+002 	 5.506747e+002 
9.599314e+002 	 5.400325e+002 

1.310769e+003 	 3.071548e+002 
9.877761e+002 	 5.338638e+002 
9.505589e+002 	 5.428237e+002 
9.636431e+002 	 5.391388e+002 
9.585627e+002 	 5.406714e+002 

1.096167e+003 	 3.589088e+002 
9.658436e+002 	 5.410300e+002 
9.620246e+002 	 5.439843e+002 
9.567933e+002 	 5.416557e+002 
9.589575e+002 	 5.416585e+002 

9.584695e+002 	 5.417469e+002 
1.352321e+003 	 4.236227e+002 
9.738265e+002 	 5.314484e+002 
9.587775e+002 	 5.429845e+002 

8.269139e+002 	 2.759788e+002 
9.675165e+002 	 5.359164e+002 
9.566671e+002 	 5.470368e+002 
9.579554e+002 	 5.404758e+002 

1.206815e+003 	 2.857861e+002 
8.848050e+002 	 5.553341e+002 
9.703356e+002 	 5.384661e+002 
9.640570e+002 	 5.441325e+002 
9.594412e+002 	 5.373071e+002 

9.592192e+002 	 5.379674e+002 
